0.000000000000000000e+00 1.975845589668681512e+00 5.464120369465542623e-03
6.579736267392903848e-01 1.973115431633181593e+00 5.804562566594865733e-03
1.315947253478580770e+00 1.970360878339529886e+00 6.110255297305685479e-03
1.973920880217871598e+00 1.967613399954507791e+00 6.452346270952195872e-03
2.631894506957161539e+00 1.964838722344695476e+00 6.746921405243692244e-03
3.289868133696452368e+00 1.962049523490669412e+00 7.107745584352070586e-03
3.947841760435743197e+00 1.959243989455982549e+00 7.430318193385508987e-03
4.605815387175034026e+00 1.956430091680170236e+00 7.990595917140092680e-03
5.263789013914323078e+00 1.953596801399259286e+00 8.971818713256357949e-03
5.921762640653614795e+00 1.950783099545894128e+00 1.013989458279138806e-02
6.579736267392904736e+00 1.947911080946497897e+00 1.126914508460850027e-02
7.237709894132196453e+00 1.945026980222185564e+00 1.286453430333337963e-02
7.895683520871486394e+00 1.941859292491260991e+00 1.414213298210656271e-02
8.553657147610776335e+00 1.942097408568383754e+00 1.367274527117246646e-02
9.211630774350068052e+00 1.941208143624552074e+00 1.447186720023301357e-02
9.869604401089357992e+00 1.949519223679323732e+00 1.526946644627137119e-02
1.052757802782864616e+01 1.957295290163460599e+00 1.624262895312154897e-02
1.118555165456793787e+01 1.964843054440184034e+00 1.773195043595247530e-02
1.184352528130722959e+01 1.971979884957653528e+00 1.917443400103534604e-02
1.250149890804652131e+01 1.978999522195705962e+00 2.104480759393516365e-02
1.315947253478580947e+01 1.985287599583599016e+00 2.275732532378973993e-02
1.381744616152509764e+01 1.990509879601314314e+00 2.422709382878178441e-02
1.447541978826439291e+01 2.009464640583513706e+00 2.500720283901765317e-02
1.513339341500368107e+01 2.015357714825377400e+00 2.612877412918859776e-02
1.579136704174297279e+01 1.999573035101528173e+00 2.694900264362031297e-02
1.644934066848226450e+01 2.043070018830543511e+00 2.800237117351463134e-02
1.710731429522155267e+01 2.091115284947498765e+00 2.809450417145063772e-02
1.776528792196084439e+01 2.114610595943561044e+00 2.946164036076596299e-02
1.842326154870013610e+01 2.144173586457992720e+00 3.061889293821595456e-02
1.908123517543942427e+01 2.155251295377994758e+00 3.078292253383445656e-02
1.973920880217871598e+01 2.190014979361103009e+00 3.161164814954736668e-02
2.039718242891800770e+01 2.191848137571346555e+00 3.157527860640772094e-02
2.105515605565729231e+01 2.223620362498310410e+00 3.147267565779136855e-02
2.171312968239658758e+01 2.235932973569934035e+00 3.137951077052698878e-02
2.237110330913587575e+01 2.257619825924087387e+00 3.115369182650590957e-02
2.302907693587517102e+01 2.259619589004593365e+00 3.088999048966755562e-02
2.368705056261445918e+01 2.248249236320840172e+00 3.085806955538912544e-02
2.434502418935374735e+01 2.264891330349712906e+00 3.075167999317012651e-02
2.500299781609304262e+01 2.272437945444825136e+00 3.019424821796206498e-02
2.566097144283233078e+01 2.300009069322171307e+00 3.029168804882393165e-02
2.631894506957161894e+01 2.357087711001576658e+00 2.990122829633392459e-02
2.697691869631091421e+01 2.377866275285540620e+00 2.937412937711470287e-02
2.763489232305019527e+01 2.366166875091902710e+00 2.914339283043606427e-02
2.829286594978949054e+01 2.365928393670621688e+00 2.969971724879348282e-02
2.895083957652878581e+01 2.397424805901768430e+00 3.021864753134105575e-02
2.960881320326807398e+01 2.427639121153373658e+00 3.038463752649114488e-02
3.026678683000736214e+01 2.404337553526465054e+00 3.096048020015253893e-02
3.092476045674665741e+01 2.374580044458082462e+00 3.069760935026615706e-02
3.158273408348594558e+01 2.383609258910244222e+00 3.022383407434627370e-02
3.224070771022523729e+01 2.360517944732419160e+00 3.044144623019915188e-02
3.289868133696452901e+01 2.352273526093327849e+00 2.929619383846438288e-02
3.355665496370381362e+01 2.320323543963585422e+00 2.729939235321644092e-02
3.421462859044310534e+01 2.321362404352737663e+00 2.620651139453897618e-02
3.487260221718239706e+01 2.292474280150086141e+00 2.471372512443045094e-02
3.553057584392168877e+01 2.283014741275837700e+00 2.283979589110520653e-02
3.618854947066097338e+01 2.264273051619896560e+00 2.165021909849991141e-02
3.684652309740027221e+01 2.265272697287124437e+00 2.014298595514268930e-02
3.750449672413955682e+01 2.271098160592244675e+00 1.896211890681880410e-02
3.816247035087884854e+01 2.249420891364890984e+00 1.772438510941360887e-02
3.882044397761814025e+01 2.237058990267027703e+00 1.659146781904023704e-02
3.947841760435743197e+01 2.205079059530705710e+00 1.488002159919992080e-02
