0.000000000000000000e+00 2.084205346569047990e+00 2.937110351450226281e-03
3.947841760435742420e-01 2.088662918641248645e+00 2.944401871865909466e-03
7.895683520871484840e-01 2.093068873607824898e+00 3.307267543981344364e-03
1.184352528130722781e+00 2.097536437634994755e+00 3.397236773737155168e-03
1.579136704174296968e+00 2.101988768465304691e+00 3.813654283248563148e-03
1.973920880217871598e+00 2.106413237708038899e+00 4.975844372351148279e-03
2.368705056261445563e+00 2.110880690456938602e+00 6.049028696842529557e-03
2.763489232305020415e+00 2.115341293956638502e+00 6.873490346442346494e-03
3.158273408348593936e+00 2.119824984338312568e+00 8.450321222154822537e-03
3.553057584392168344e+00 2.124349597694505931e+00 1.011409512321905999e-02
3.947841760435743197e+00 2.128786351035664381e+00 1.133364859870810912e-02
4.342625936479317161e+00 2.133346227237378212e+00 1.266005374903748405e-02
4.737410112522891126e+00 2.096409873626212228e+00 1.459547534184373052e-02
5.132194288566465978e+00 2.093259512328010885e+00 1.382410158839890088e-02
5.526978464610040831e+00 2.093574766805852860e+00 1.410059221928307294e-02
5.921762640653614795e+00 2.079407066737521514e+00 1.435717043835221113e-02
6.316546816697187872e+00 2.079765287595784606e+00 1.606775460452873616e-02
6.711330992740762724e+00 2.079902395088683242e+00 1.723498514754864472e-02
7.106115168784336689e+00 2.067971640964965996e+00 1.853079287836378181e-02
7.500899344827911541e+00 2.068366309364725986e+00 1.954931658267933248e-02
7.895683520871486394e+00 2.081220833986961338e+00 2.074790909544027909e-02
8.290467696915060358e+00 2.186073125805181760e+00 2.212720779732632592e-02
8.685251872958634323e+00 2.243738612334185589e+00 2.389231088982705919e-02
9.080036049002210063e+00 2.255511185072574865e+00 2.490219690138617895e-02
9.474820225045782252e+00 2.331333085406789074e+00 2.645343542862373110e-02
9.869604401089357992e+00 2.278486154039924827e+00 2.677821343430778628e-02
1.026438857713293196e+01 2.309985245618896066e+00 2.667677661401818626e-02
1.065917275317650592e+01 2.455712088748069455e+00 2.780366389201333055e-02
1.105395692922008166e+01 2.468005042441337338e+00 2.787004620415109435e-02
1.144874110526365563e+01 2.471998792823355107e+00 2.828939204859984638e-02
1.184352528130722959e+01 2.447171509558840441e+00 2.766718726604992101e-02
1.223830945735080356e+01 2.419966522655350616e+00 2.840531903265364894e-02
1.263309363339437574e+01 2.399366649561606835e+00 2.837752161235408688e-02
1.302787780943795148e+01 2.479153591956118952e+00 2.872023031295576831e-02
1.342266198548152545e+01 2.484933505803108567e+00 2.961080961183757201e-02
1.381744616152509764e+01 2.442645675933349025e+00 2.934126378380494740e-02
1.421223033756867338e+01 2.512164613404502589e+00 3.012296265736239681e-02
1.460701451361224734e+01 2.518350151214634902e+00 2.970612488270704676e-02
1.500179868965582308e+01 2.554022732974968957e+00 2.952247216983500122e-02
1.539658286569939705e+01 2.579947074823851771e+00 3.067311796958892278e-02
1.579136704174297279e+01 2.606959760686042848e+00 3.060011862833442869e-02
1.618615121778654853e+01 2.592425226872050459e+00 3.061970664290681460e-02
1.658093539383012072e+01 2.511024157280586699e+00 3.067296867291935056e-02
1.697571956987369290e+01 2.427677825985185223e+00 3.011789108445210583e-02
1.737050374591726865e+01 2.459200509541311863e+00 3.038087424812352735e-02
1.776528792196084439e+01 2.399771230105471886e+00 2.953390382934985986e-02
1.816007209800442013e+01 2.431067157835927972e+00 3.000449184207553549e-02
1.855485627404799231e+01 2.383444407098485485e+00 3.009118793028365060e-02
1.894964045009156450e+01 2.221707041256258286e+00 2.973943832187345496e-02
1.934442462613514024e+01 2.230015156982830149e+00 3.079698085839658456e-02
1.973920880217871598e+01 2.221537716219138314e+00 2.880080413823535301e-02
2.013399297822228817e+01 2.241840386127459617e+00 2.775923501972103746e-02
2.052877715426586391e+01 2.264608619689790991e+00 2.580154977762826041e-02
2.092356133030943610e+01 2.280648616581820498e+00 2.450294204759844580e-02
2.131834550635301184e+01 2.196362846990740803e+00 2.252412955277834083e-02
2.171312968239658758e+01 2.186186406377527369e+00 2.103004257356147141e-02
2.210791385844016332e+01 2.223851531741055876e+00 1.985455995643949784e-02
2.250269803448373551e+01 2.164078287712361437e+00 1.847502025557307831e-02
2.289748221052731125e+01 2.153176999150738347e+00 1.695429186250482778e-02
2.329226638657088344e+01 2.112911344676737357e+00 1.617614222288438902e-02
2.368705056261445918e+01 2.094507282998785413e+00 1.369015241048662443e-02
