0	187.18104	185.92087
0.17635	187.18104	185.92087
0.23513	165.45559	158.63248
0.29391	146.98345	140.53663
0.3527	134.97166	127.18543
0.41148	124.76033	116.41229
0.47026	118.57106	111.00168
0.52905	109.44691	105.55638
0.58783	105.16525	98.41479
0.64661	100.22173	93.84969
0.70539	95.96616		90.09103
0.76418	90.95918		85.93028
0.82296	89.59051		83.75925
0.88174	85.80865		79.78627
0.94053	82.50944		76.78774
0.99931	79.07027		75.06025
1.05809	76.66777		73.97865
1.11687	74.36079		70.05688
1.17566	74.0883		66.12184
1.23444	70.23644		62.99827
1.29322	69.87387		65.29771
1.35201	66.68314		69.7265
1.41079	65.15293		72.28914
1.46957	66.36497		72.77542
1.52835	71.6029		75.36037
1.58714	80.24036		75.56368
1.64592	75.28469		78.66285
30.64592	75.28469		78.66285
