0.0	257.37134	268.83708
0.16655	257.37134	268.83708
0.22207	226.97076	237.32837
0.27759	203.7226		209.70168
0.3331	184.92916	191.10159
0.38862	173.12544	177.30435
0.44414	159.90653	164.83692
0.49965	151.31759	154.37255
0.55517	143.46205	146.44539
0.61069	136.6636		140.72106
0.66621	129.63454	134.6805
0.72172	125.12506	128.80543
0.77724	120.25117	124.65208
0.83276	116.26225	120.96001
0.88827	111.73832	117.9853
0.94379	108.17485	114.323
0.99931	104.2387		110.13795
1.05483	101.59988	107.19155
1.11034	98.55487		104.11909
1.16586	96.39709		100.45817
1.22138	94.28079		98.30662
1.27689	91.95442		96.91182
1.33241	88.3673		94.31138
1.38793	88.04411		91.87326
1.44345	85.21766		86.98349
1.49896	83.39116		88.14445
1.55448	78.44494		84.6714
1.61	73.98088		83.37106
1.66551	70.82955		77.03509
1.72103	67.42582		75.15495
1.77655	60.23756		83.19455
1.83207	63.31447		80.19791
1.88758	65.66721		87.78678
1.9431	63.43949		90.49099
1.99862	67.26682		88.02401
2.05413	66.06077		87.49141
40.10965	66.73822		85.38168