0.000000000000000000e+00 2.209938120289980823e+00 2.424036767348456897e-02
4.112335167120565460e-01 2.126745623586966616e+00 3.930094977151312591e-02
8.224670334241130920e-01 2.661667932981583551e+00 2.787856475598395056e-02
1.233700550136169749e+00 2.857902467222895204e+00 3.863922961182159055e-02
1.644934066848226184e+00 2.257231022727369751e+00 3.274996513388197389e-02
2.056167583560282619e+00 2.229220825501923908e+00 2.887771972465314960e-02
2.467401100272339498e+00 3.542226206573170444e+00 2.854022421048713065e-02
2.878634616984395489e+00 2.097127078908286091e+00 1.839447315135495781e-02
3.289868133696452368e+00 3.153716264400784564e+00 2.873444661793842989e-02
3.701101650408509247e+00 2.122874165887735476e+00 2.363348786569063192e-02
4.112335167120565238e+00 2.120426720902395701e+00 2.993815094812516536e-02
4.523568683832621673e+00 2.128466951867193480e+00 3.012386433627546947e-02
4.934802200544678996e+00 2.150347708251321599e+00 3.756428114395896078e-02
5.346035717256735431e+00 2.109406559550978333e+00 1.814732573699096366e-02
5.757269233968790978e+00 2.104770956973101015e+00 3.355364580059103097e-02
6.168502750680848301e+00 2.119318812894798842e+00 1.736125864530894958e-02
6.579736267392904736e+00 2.127987362654443881e+00 1.257572248239599393e-02
6.990969784104961171e+00 2.107374586427090524e+00 3.595421925003407237e-02
7.402203300817018494e+00 2.513562030313377882e+00 2.376165941585044183e-02
7.813436817529074929e+00 2.497000281302240943e+00 2.799076495506979192e-02
8.224670334241130476e+00 2.097459083219821441e+00 3.950399844211820860e-02
8.635903850953187799e+00 2.473821689398773671e+00 2.599859635177420927e-02
9.047137367665243346e+00 2.107293004678836734e+00 2.142279623601861527e-02
9.458370884377300669e+00 2.412724371625598163e+00 3.946381212264313265e-02
9.869604401089357992e+00 2.105477718551196364e+00 1.630400476866264090e-02
1.028083791780141354e+01 2.103132976864313886e+00 2.045114724849423499e-02
1.069207143451347086e+01 2.392718282763558690e+00 2.779571505426452205e-02
1.110330495122552641e+01 2.374044438193845696e+00 3.228486051835066650e-02
1.151453846793758196e+01 2.115944018265669246e+00 3.339747488527292085e-02
1.192577198464963928e+01 2.095677730563717756e+00 2.568738277780900636e-02
1.233700550136169660e+01 1.879305933401269169e+00 2.223848447715176882e-02
1.274823901807375037e+01 2.098235291396273183e+00 2.980440058088493563e-02
1.315947253478580947e+01 1.889920480916067458e+00 2.394594336809822283e-02
1.357070605149786502e+01 1.879840290151808757e+00 2.877912419611166131e-02
1.398193956820992234e+01 1.915225005720917917e+00 3.200554551895969102e-02
1.439317308492197789e+01 1.898822033793094333e+00 3.080805118163081752e-02
1.480440660163403699e+01 1.920976254056843358e+00 3.529705659306139193e-02
1.521564011834609076e+01 1.903366138292027943e+00 2.389065790073389636e-02
1.562687363505814986e+01 1.948867293230126529e+00 3.669326061484488172e-02
1.603810715177020896e+01 1.920499722488860250e+00 2.999684338857101090e-02
1.644934066848226095e+01 1.982224356560677858e+00 2.414069616464363868e-02
1.686057418519431650e+01 1.929973705991147925e+00 3.385783940614545129e-02
1.727180770190637560e+01 2.031878054398979394e+00 4.039018247144771784e-02
1.768304121861843115e+01 1.922639082513290631e+00 3.472027822372206890e-02
1.809427473533048669e+01 2.013621205222626109e+00 3.655062965217588389e-02
1.850550825204254579e+01 1.939891724533352901e+00 4.363189349412859713e-03
1.891674176875460134e+01 2.016574878453502695e+00 3.183733349427558812e-02
1.932797528546666044e+01 2.089254046600163228e+00 1.844587956504807960e-02
1.973920880217871598e+01 2.040485881013452740e+00 2.601843061157176756e-02
2.015044231889076798e+01 1.948973976242151851e+00 3.716508483912386168e-02
2.056167583560282708e+01 2.025101990081688452e+00 2.477642659215265747e-02
2.097290935231488618e+01 1.960052273204730744e+00 1.816265989992072241e-02
2.138414286902694172e+01 2.020204914015484299e+00 2.719006521256416009e-02
2.179537638573899727e+01 1.979852568417475922e+00 8.294788461472938843e-03
2.220660990245105282e+01 2.010037019470888087e+00 4.173180476081374962e-02
2.261784341916310836e+01 2.057099734321635953e+00 1.522317766377464208e-02
2.302907693587516391e+01 2.039491960711180774e+00 -1.123561872451999538e-02
2.344031045258722301e+01 2.076322806194240034e+00 2.726526587077502187e-02
2.385154396929927856e+01 2.010795993227295853e+00 1.402582348764562503e-02
2.426277748601133410e+01 1.968875894024397333e+00 1.498629800861401955e-02
2.467401100272339320e+01 2.079114786916083535e+00 -7.202164514815358187e-02
