0.0 3.592279494655119 0.1335641317273606
124407069082.1558 5.709743975689744 0.10269455198936528
248814138164.3116 5.139197411706855 0.12927945252335155
373221207246.4674 4.286337531179811 0.12693869928144463
497628276328.6232 3.94590708393632 0.17326891624614243
622035345410.779 4.108806646343062 0.1384905988385295
746442414492.9348 3.6562780089092577 0.1539178086495211
870849483575.0907 3.852195460504154 0.15754570864711342
995256552657.2465 3.9911798619765495 0.1601607890748734
1119663621739.4023 3.802943450920094 0.1360421910694506
1244070690821.558 3.7895625031607256 0.07323662931867075
1368477759903.7139 3.9872645105047955 0.10707613071561886
1492884828985.8696 3.916029554257052 0.10999507063009156
1617291898068.0254 3.7459189627085436 0.07512705130237488
1741698967150.1814 3.9199380722099884 0.14944222197971557
1866106036232.3372 3.9780490956640877 0.027049986235300312
1990513105314.493 3.85392386790096 0.16425439451863783
2114920174396.6487 3.7872127645531943 0.04677870620327504
2239327243478.8047 3.9415101328910485 0.07807923571525607
2363734312560.9604 3.9438903191752974 0.08445266123362713
2488141381643.116 3.813218185808574 0.10145714256559579
2612548450725.272 3.8299287243958124 0.12929819422258093
2736955519807.4277 3.957376530765739 0.10391048977086992
2861362588889.5835 3.9051624626095682 0.10842272631442867
2985769657971.7393 3.811995730466232 0.08949476599784961
3110176727053.895 3.8457973654159465 0.09432090056798922
3234583796136.051 3.9574710267785163 0.13958643623579498
3358990865218.207 3.8698670690795183 0.08274891573520013
3483397934300.363 3.8059954239504794 0.13598807867243207
3607805003382.5186 3.8567954318244153 0.13131162912122807
3732212072464.6743 6.21850415747218 0.11278218836868653
3856619141546.83 3.8412611187041446 0.10513471269221916
3981026210628.986 3.8309160444347743 0.024520024659070584
4105433279711.1416 3.950704365921249 0.0684828872182035
4229840348793.2974 3.8826272372214605 0.1353856453042669
4354247417875.453 3.8600451609357744 0.10801247008841094
4478654486957.609 3.811596364122975 0.12531638077304172
4603061556039.765 3.9158221394016044 0.09102357926673152
4727468625121.921 3.7852436425187292 0.13624237978630327
4851875694204.076 3.834494575632718 0.13639368566188892
4976282763286.232 3.8893685659000194 0.11150885003493616
5100689832368.388 5.509131609095517 0.18866349208757077
5225096901450.544 3.955282185307932 0.14943286324564814
5349503970532.7 7.117836897524194 0.1250530091115722
5473911039614.855 3.9550097984948724 0.14914221509080672
5598318108697.012 5.262680293202873 0.1346527191415523
5722725177779.167 3.8691602433524688 0.12765578034094666
5847132246861.323 3.762864680072317 0.18676667501820665
5971539315943.479 3.860985917121745 0.12619374473382355
6095946385025.635 5.198189277691283 0.16455692999470983
6220353454107.79 3.237442348267707 0.1484288505991775
