0	-0.0011
0.1	-0.00125
0.2	-0.00112
0.3	-0.00109
0.4	-0.00107
0.5	-0.00105
0.6	-0.00103
0.7	-8.83E-4
0.8	-8.72E-4
0.9	-8.01E-4
1	-7.98E-4
1.1	-6.99E-4
1.2	-7.05E-4
1.3	-7.8E-4
1.4	-6.15E-4
1.5	-7.38E-4
1.6	-6.01E-4
1.7	-7.4E-4
1.8	-5.01E-4
1.9	-3.56E-4
2	-1.67E-4
2.1	-3.85E-4
2.2	-2.45E-4
2.3	-5.2E-5
2.4	-1.57E-4
2.5	-2.02E-4
2.6	-5.4E-5
2.7	2.06E-4
2.8	2.84E-4
2.9	2.92E-4
3	1.92E-4
3.1	2.61E-4
3.2	3.49E-4
3.3	4E-4
3.4	2.04E-4
3.5	1.29E-4
3.6	2.16E-4
3.7	2.8E-4
3.8	2E-5
3.9	1.08E-4
4	-1.4E-5
4.1	3E-5
4.2	-6.6E-5
4.3	-1.71E-4
4.4	-6.3E-5
4.5	-9.4E-5
4.6	-1.02E-4
4.7	-1.1E-4
4.8	-3.01E-4
4.9	1E-6
5	-7.9E-5
5.1	-2.33E-4
5.2	-2.01E-4
5.3	-2.98E-4
5.4	-1.49E-4
5.5	3E-6
5.6	-1.77E-4
5.7	-2.19E-4
5.8	-1.46E-4
5.9	-1.47E-4
6	-5E-5
6.1	-1.72E-4
6.2	-1.88E-4
6.3	-2.5E-5
6.4	4E-5
6.5	-1.3E-5
6.6	1.4E-5
6.7	2.45E-4
6.8	1.36E-4
6.9	1.66E-4
7	2.15E-4
7.1	2.39E-4
7.2	4.62E-4
7.3	4.9E-4
7.4	3.79E-4
7.5	1.8E-4
7.6	2.67E-4
7.7	4.87E-4
7.8	5.2E-4
7.9	2.89E-4
8	2.73E-4
8.1	3.09E-4
8.2	3.17E-4
8.3	3.74E-4
8.4	3.95E-4
8.5	4.05E-4
8.6	4.48E-4
8.7	2.15E-4
8.8	1.78E-4
8.9	1.4E-4
9	3.41E-4
9.1	1.78E-4
9.2	7.3E-5
9.3	1E-6
9.4	1.8E-5
9.5	-1.2E-5
9.6	-1.37E-4
9.7	-1.21E-4
9.8	-2.3E-4
9.9	-2.53E-4
10	-1.68E-4
10.1	-3.24E-4
10.2	-1.97E-4
10.3	-1.94E-4
10.4	-4.06E-4
10.5	-3.22E-4
10.6	-2.95E-4
10.7	-2.49E-4
10.8	-3.07E-4
10.9	-2.57E-4
11	-3.98E-4
11.1	-3.81E-4
11.2	-3.48E-4
11.3	-3.47E-4
11.4	-4.36E-4
11.5	-2.98E-4
11.6	-3.11E-4
11.7	-2.31E-4
11.8	-4.06E-4
11.9	-1.85E-4
12	-2.92E-4
12.1	-1.62E-4
12.2	-2.62E-4
12.3	-2.42E-4
12.4	-1.23E-4
12.5	-3.86E-4
12.6	-1.68E-4
12.7	-3.63E-4
12.8	-1.01E-4
12.9	-1.36E-4
13	-1.1E-4
13.1	-1.84E-4
13.2	-2.47E-4
13.3	-1.02E-4
13.4	-3.2E-5
13.5	-2.13E-4
13.6	-9E-5
13.7	-1.87E-4
13.8	-3.47E-4
13.9	-1.96E-4
14	-2.47E-4
14.1	-1.43E-4
14.2	-3.13E-4
14.3	-1.59E-4
14.4	-3.48E-4
14.5	-7.7E-5
14.6	-1.52E-4
14.7	-3.19E-4
14.8	-2E-4
14.9	-3.9E-4
15	-4.88E-4
15.1	-1.75E-4
15.2	-1.02E-4
15.3	-3.11E-4
15.4	-3.12E-4
15.5	-4.87E-4
15.6	-8.3E-5
15.7	-2.38E-4
15.8	-3.27E-4
15.9	-2.15E-4
16	-4.2E-4
16.1	-3.39E-4
16.2	-2.7E-4
16.3	-2.91E-4
16.4	-1.71E-4
16.5	-3.2E-4
16.6	-3.84E-4
16.7	-2.77E-4
16.8	-2.35E-4
16.9	-1.98E-4
17	-8.8E-5
17.1	-2.88E-4
17.2	-2.57E-4
17.3	-1.22E-4
17.4	-1.44E-4
17.5	-1.19E-4
17.6	-2E-4
17.7	-1.94E-4
17.8	-1.59E-4
17.9	-1.76E-4
18	-1.8E-4
18.1	-9.9E-5
18.2	-3.06E-4
18.3	-1.14E-4
18.4	-1.6E-4
18.5	-4.3E-5
18.6	-1.79E-4
18.7	8.4E-5
18.8	-2.01E-4
18.9	-1.34E-4
19	-6.6E-5
19.1	3.9E-5
19.2	-1.05E-4
19.3	-1.27E-4
19.4	-2.4E-5
19.5	-3.2E-5
19.6	-1.8E-5
19.7	-2.49E-4
19.8	-2.11E-4
19.9	-7.8E-5
20	-1.2E-4
20.1	6.2E-5
20.2	-2.76E-4
20.3	-1.59E-4
20.4	-1.33E-4
20.5	-1.45E-4
20.6	-5.6E-5
20.7	3.1E-5
20.8	-8.8E-5
20.9	-3.8E-5
21	-2.54E-4
21.1	-1.3E-4
21.2	-7.4E-5
21.3	-1.69E-4
21.4	5.5E-5
21.5	-1.67E-4
21.6	-1.97E-4
21.7	-1.97E-4
21.8	-2.34E-4
21.9	-2.5E-4
22	-1.96E-4
22.1	-2.77E-4
22.2	-1.67E-4
22.3	-2.39E-4
22.4	-2.37E-4
22.5	-3.75E-4
22.6	-2.91E-4
22.7	-2.98E-4
22.8	-3.85E-4
22.9	-5.96E-4
23	-4.96E-4
23.1	-1.04E-4
23.2	-2.92E-4
23.3	-3.6E-4
23.4	-4.13E-4
23.5	-2.65E-4
23.6	-2.97E-4
23.7	-3.54E-4
23.8	-3.54E-4
23.9	-2.16E-4
24	-3.23E-4
24.1	-2.27E-4
24.2	-3.12E-4
24.3	-2.77E-4
24.4	-1.49E-4
24.5	-1.22E-4
24.6	-1.92E-4
24.7	-1.76E-4
24.8	-1.04E-4
24.9	-5.7E-5
25	-1.78E-4
25.1	5E-6
25.2	7.3E-5
25.3	-1.87E-4
25.4	-1.67E-4
25.5	-2.03E-4
25.6	-3.9E-5
25.7	-2.1E-5
25.8	-9.4E-5
25.9	-3.9E-5
26	-1.9E-5
26.1	-7.5E-5
26.2	6.5E-5
26.3	-3.7E-5
26.4	-6E-6
26.5	-1.77E-4
26.6	-1.38E-4
26.7	-4.7E-5
26.8	-9.2E-5
26.9	-1.27E-4
27	-6.3E-5
27.1	-9.9E-5
27.2	-1.43E-4
27.3	-2.14E-4
27.4	-1.74E-4
27.5	-1.21E-4
27.6	-1.05E-4
27.7	-1.34E-4
27.8	-2.04E-4
27.9	-1.56E-4
28	-2.31E-4
28.1	-2.44E-4
28.2	-3.93E-4
28.3	-2.59E-4
28.4	-2.29E-4
28.5	-1.85E-4
28.6	-3.47E-4
28.7	-2.3E-4
28.8	-3E-4
28.9	-3.76E-4
29	-3.95E-4
29.1	-3.41E-4
29.2	-2.54E-4
29.3	-5.44E-4
29.4	-6.72E-4
29.5	-3.72E-4
29.6	-2.25E-4
29.7	-3.97E-4
29.8	-2.46E-4
29.9	-5.61E-4
30	-4.71E-4
30.1	-3.47E-4
30.2	-1.38E-4
30.3	-3.17E-4
30.4	-2.87E-4
30.5	-2.98E-4
30.6	-3.68E-4
30.7	-2.6E-4
30.8	-2.23E-4
30.9	-2.54E-4
31	-1.62E-4
31.1	-1.21E-4
31.2	-3.1E-4
31.3	-2.91E-4
31.4	-2.44E-4
31.5	-8.9E-5
31.6	-3.87E-4
31.7	-8.4E-5
31.8	-1.48E-4
31.9	-1.74E-4
32	-2.09E-4
32.1	-4.2E-5
32.2	-2.28E-4
32.3	-6E-5
32.4	-1.79E-4
32.5	-7.3E-5
32.6	-5.6E-5
32.7	-1.6E-4
32.8	3.7E-5
32.9	-1.2E-4
33	-1.19E-4
33.1	-1.7E-5
33.2	-5.6E-5
33.3	-3.5E-5
33.4	-2.5E-5
33.5	-7.3E-5
33.6	-9.1E-5
33.7	-2.3E-5
33.8	-1.51E-4
33.9	-2.42E-4
34	-1.3E-5
34.1	-6.3E-5
34.2	-1.93E-4
34.3	-1.35E-4
34.4	-9.7E-5
34.5	-2.17E-4
34.6	-7.3E-5
34.7	-1.9E-5
34.8	-1.04E-4
34.9	-4E-6
35	-7.2E-5
35.1	-1.94E-4
35.2	-1.05E-4
35.3	-2.1E-5
35.4	6.1E-5
35.5	-1.87E-4
35.6	-2.21E-4
35.7	-5.6E-5
35.8	-1.71E-4
35.9	-1.05E-4
36	-1.79E-4
36.1	-2.52E-4
36.2	-9.4E-5
36.3	-3.9E-5
36.4	-1E-4
36.5	-1.83E-4
36.6	-1.1E-5
36.7	-1.11E-4
36.8	-1.33E-4
36.9	-6.9E-5
37	-9.2E-5
37.1	-1.29E-4
37.2	4E-6
37.3	-2.39E-4
37.4	-1.27E-4
37.5	-1.22E-4
37.6	-1.65E-4
37.7	-2.37E-4
37.8	-1.94E-4
37.9	-3.49E-4
38	2E-6
38.1	-1.65E-4
38.2	-1.19E-4
38.3	-1.6E-4
38.4	-1.2E-4
38.5	-5.9E-5
38.6	-1.54E-4
38.7	-1.29E-4
38.8	-3E-5
38.9	-2.46E-4
39	-1.29E-4
39.1	-4.6E-5
39.2	-2.6E-4
39.3	-1.57E-4
39.4	-5.2E-5
39.5	-1.93E-4
39.6	-2.11E-4
39.7	-1.91E-4
39.8	-1E-4
39.9	-1.88E-4
40	-2.87E-4
40.1	-1.96E-4
40.2	-1.66E-4
40.3	-1.97E-4
40.4	-2.74E-4
40.5	-4.8E-5
40.6	-5.1E-5
40.7	-5.3E-5
40.8	-1.95E-4
40.9	-1.59E-4
41	-2.98E-4
41.1	-1.84E-4
41.2	-1.49E-4
41.3	-3.1E-4
41.4	-2.92E-4
41.5	-2.56E-4
41.6	-1.27E-4
41.7	-3.38E-4
41.8	-2.59E-4
41.9	-3.68E-4
42	-1.25E-4
42.1	-3.9E-4
42.2	-3.39E-4
42.3	-2.09E-4
42.4	-7.3E-5
42.5	-2.4E-5
42.6	-3.31E-4
42.7	-3E-4
42.8	-2.61E-4
42.9	-2.21E-4
43	-2.63E-4
43.1	-2.36E-4
43.2	-3.73E-4
43.3	-1.17E-4
43.4	-3.76E-4
43.5	-3.65E-4
43.6	-2.96E-4
43.7	-2.87E-4
43.8	-1.61E-4
43.9	-3.81E-4
44	-2.9E-4
44.1	-2.86E-4
44.2	-1.97E-4
44.3	-2.99E-4
44.4	-2.43E-4
44.5	-1.58E-4
44.6	-2.04E-4
44.7	-1.69E-4
44.8	-2.09E-4
44.9	-1.24E-4
45	-1.25E-4
45.1	-1.44E-4
45.2	-7.6E-5
45.3	-1.49E-4
45.4	-2.59E-4
45.5	-7.2E-5
45.6	-1.46E-4
45.7	-8E-5
45.8	-1.3E-4
45.9	-3.26E-4
46	-1.44E-4
46.1	-1.51E-4
46.2	-2.48E-4
46.3	-1.87E-4
46.4	-2.12E-4
46.5	-3.66E-4
46.6	-2.92E-4
46.7	-2.14E-4
46.8	-3E-4
46.9	-8.9E-5
47	-2.5E-4
47.1	-2.73E-4
47.2	-1.29E-4
47.3	-1.44E-4
47.4	-2.71E-4
47.5	-1.41E-4
47.6	-2.48E-4
47.7	-3.43E-4
47.8	-2.67E-4
47.9	-1.56E-4
48	-2.32E-4
48.1	-2.76E-4
48.2	-2.17E-4
48.3	-3.26E-4
48.4	-1.97E-4
48.5	-1.23E-4
48.6	-1.55E-4
48.7	-1.4E-4
48.8	-2.58E-4
48.9	-2.55E-4
49	-1.52E-4
49.1	-1.59E-4
49.2	-2.06E-4
49.3	-1.47E-4
49.4	-2.88E-4
49.5	-1.16E-4
49.6	-2.42E-4
49.7	-2.09E-4
49.8	-1.11E-4
49.9	-3.39E-4
50	-1.2E-4
50.1	-2.03E-4
50.2	-2.14E-4
50.3	-2.58E-4
50.4	-4.01E-4
50.5	-2.19E-4
50.6	-2.52E-4
50.7	-1.79E-4
50.8	-1.21E-4
50.9	-4.81E-4
51	-2.4E-4
51.1	-2.23E-4
51.2	-2.87E-4
51.3	-2.18E-4
51.4	-3.11E-4
51.5	-3E-4
51.6	-3.74E-4
51.7	-1.94E-4
51.8	-1.54E-4
51.9	-1.7E-4
52	-3.24E-4
52.1	-2.95E-4
52.2	-2.93E-4
52.3	-2.43E-4
52.4	-4.03E-4
52.5	-3.58E-4
52.6	-2.86E-4
52.7	-2.98E-4
52.8	-4.09E-4
52.9	-2.79E-4
53	-4.08E-4
53.1	-1.66E-4
53.2	-3.24E-4
53.3	-2.33E-4
53.4	-2.48E-4
53.5	-2.53E-4
53.6	-2.71E-4
53.7	-4.19E-4
53.8	-2.65E-4
53.9	-1.17E-4
54	-2.69E-4
54.1	-2.55E-4
54.2	-1.89E-4
54.3	-2.1E-4
54.4	-8.6E-5
54.5	-1.41E-4
54.6	-1.72E-4
54.7	-1.57E-4
54.8	-1.86E-4
54.9	-2.15E-4
55	-2.07E-4
55.1	-1.28E-4
55.2	-1.59E-4
55.3	-2.04E-4
55.4	-3.1E-4
55.5	-2E-4
55.6	-1.83E-4
55.7	-1.69E-4
55.8	-9.4E-5
55.9	-2.43E-4
56	-2.84E-4
56.1	-1.97E-4
56.2	-2.6E-4
56.3	-2.09E-4
56.4	-1.5E-4
56.5	-2.89E-4
56.6	-2.07E-4
56.7	-2.59E-4
56.8	-9.6E-5
56.9	4E-6
57	-1.39E-4
57.1	-1.23E-4
57.2	-9.8E-5
57.3	-2.1E-5
57.4	2.1E-5
57.5	5.4E-5
57.6	-1.8E-5
57.7	-4.1E-5
57.8	9.2E-5
57.9	1.54E-4
58	1.58E-4
58.1	1.45E-4
58.2	2.81E-4
58.3	1.9E-4
58.4	2.13E-4
58.5	5.61E-4
58.6	4.19E-4
58.7	6.41E-4
58.8	4.15E-4
58.9	6.69E-4
59	6.87E-4
59.1	6.74E-4
59.2	8.92E-4
59.3	6.9E-4
59.4	5.67E-4
59.5	-1.34E-4
59.6	-0.00106
59.7	-0.00211
59.8	-0.00311
59.9	-0.00439
60	-0.00498
60.1	-0.00517
60.2	-0.00488
60.3	-0.00443
60.4	-0.00342
60.5	-0.00263
60.6	-0.00163
60.7	-7.42E-4
60.8	-1.2E-5
60.9	6.86E-4
61	0.00125
61.1	0.00164
61.2	0.00201
61.3	0.00222
61.4	0.00237
61.5	0.00224
61.6	0.00213
61.7	0.00207
61.8	0.00181
61.9	0.00147
62	0.00135
62.1	0.00119
62.2	9.13E-4
62.3	6.53E-4
62.4	4.5E-4
62.5	2.93E-4
62.6	8E-5
62.7	5.3E-5
62.8	1.1E-5
62.9	-1.6E-4
63	-2.07E-4
63.1	-1.54E-4
63.2	-3.31E-4
63.3	-2.28E-4
63.4	-3.24E-4
63.5	-3E-4
63.6	-2.61E-4
63.7	-3.83E-4
63.8	-3.37E-4
63.9	-3.34E-4
64	-3.62E-4
64.1	-3.22E-4
64.2	-1.47E-4
64.3	-1.38E-4
64.4	-4.48E-4
64.5	-2.94E-4
64.6	-1.99E-4
64.7	-2.95E-4
64.8	-1.89E-4
64.9	-1.42E-4
65	-1.69E-4
65.1	-1.4E-5
65.2	-9.7E-5
65.3	-2.89E-4
65.4	-1.42E-4
65.5	-2.02E-4
65.6	5E-5
65.7	-2.02E-4
65.8	-1.34E-4
65.9	-1.15E-4
66	-7.4E-5
66.1	-1.17E-4
66.2	-3.33E-4
66.3	-2.15E-4
66.4	-3.08E-4
66.5	-2.16E-4
66.6	-2.65E-4
66.7	-3.13E-4
66.8	-5.34E-4
66.9	-3.31E-4
67	-4.51E-4
67.1	-1.98E-4
67.2	-3.06E-4
67.3	-2.83E-4
67.4	-3.64E-4
67.5	-3.51E-4
67.6	-2.56E-4
67.7	-2.06E-4
67.8	-3.26E-4
67.9	-3.51E-4
68	-3.56E-4
68.1	-2.38E-4
68.2	-3.24E-4
68.3	-4.3E-4
68.4	-5.31E-4
68.5	-5.07E-4
68.6	-3.43E-4
68.7	-1.8E-4
68.8	-3.36E-4
68.9	-5.84E-4
69	-1.92E-4
69.1	-3.81E-4
69.2	-3.3E-4
69.3	-2.21E-4
69.4	-3.35E-4
69.5	-1.08E-4
69.6	-3.6E-4
69.7	-3.03E-4
69.8	-4.17E-4
69.9	-2.57E-4
70	-2.6E-4
70.1	-3.54E-4
70.2	-3.09E-4
70.3	-1.97E-4
70.4	-1.85E-4
70.5	-2.19E-4
70.6	-3.24E-4
70.7	-2.35E-4
70.8	-2.24E-4
70.9	-1.06E-4
71	-1.77E-4
71.1	-2.25E-4
71.2	-2.31E-4
71.3	-3.06E-4
71.4	-1.66E-4
71.5	-1.92E-4
71.6	-1.52E-4
71.7	-5.5E-5
71.8	-1.38E-4
71.9	1.27E-4
72	-1.25E-4
72.1	-2.42E-4
72.2	-2.37E-4
72.3	-1.8E-4
72.4	-3.7E-4
72.5	-1.98E-4
72.6	-1.4E-5
72.7	-1.47E-4
72.8	-1.96E-4
72.9	-2.22E-4
73	-1.57E-4
73.1	-1.49E-4
73.2	-3.76E-4
73.3	-3.08E-4
73.4	-2.13E-4
73.5	-1.58E-4
73.6	-9E-5
73.7	-1.95E-4
73.8	-2.41E-4
73.9	-1.9E-4
74	-1.46E-4
74.1	-1.76E-4
74.2	-2.86E-4
74.3	-2.48E-4
74.4	-3.06E-4
74.5	-1.18E-4
74.6	-2.16E-4
74.7	-1.55E-4
74.8	-1.44E-4
74.9	-2.21E-4
75	-2.4E-4
75.1	-1.52E-4
75.2	-1.89E-4
75.3	-4.5E-5
75.4	-3.2E-5
75.5	-8.2E-5
75.6	-7.3E-5
75.7	-1.8E-5
75.8	-6.3E-5
75.9	-1.8E-4
76	-2.23E-4
76.1	-4.2E-5
76.2	7.7E-5
76.3	-1.14E-4
76.4	-1.17E-4
76.5	-6.2E-5
76.6	-2.15E-4
76.7	-2.36E-4
76.8	-1.52E-4
76.9	-8.5E-5
77	-4.1E-5
77.1	-6.2E-5
77.2	-3.2E-4
77.3	-3E-4
77.4	-1.12E-4
77.5	-8.6E-5
77.6	-3.46E-4
77.7	-3.24E-4
77.8	-2.38E-4
77.9	-1.99E-4
78	-1.92E-4
78.1	-3.6E-4
78.2	-3.01E-4
78.3	-2.52E-4
78.4	-2.25E-4
78.5	-2.52E-4
78.6	-4.06E-4
78.7	-3.13E-4
78.8	-2.07E-4
78.9	-2.31E-4
79	-4.11E-4
79.1	-3.66E-4
79.2	-1.11E-4
79.3	-2.41E-4
79.4	-3.88E-4
79.5	-4.77E-4
79.6	-3.37E-4
79.7	-3.19E-4
79.8	-2.37E-4
79.9	-2.33E-4
80	-5.08E-4
80.1	-2.26E-4
80.2	-2.67E-4
80.3	-2.87E-4
80.4	-2.44E-4
80.5	-3.7E-4
80.6	-1.65E-4
80.7	-4.52E-4
80.8	-2.22E-4
80.9	-2.77E-4
81	-1.97E-4
81.1	-4.2E-4
81.2	-4.72E-4
81.3	-4.08E-4
81.4	-2.68E-4
81.5	-2.54E-4
81.6	-3.29E-4
81.7	-4.35E-4
81.8	-2.54E-4
81.9	-9.9E-5
82	-3.95E-4
82.1	-3.34E-4
82.2	-3.39E-4
82.3	-3.87E-4
82.4	-1.29E-4
82.5	-4.53E-4
82.6	-3.07E-4
82.7	-2.09E-4
82.8	-2.73E-4
82.9	-2.22E-4
83	-2.48E-4
83.1	-2.76E-4
83.2	-1.14E-4
83.3	-8.6E-5
83.4	-3.19E-4
83.5	-2.93E-4
83.6	-2.3E-4
83.7	-1.65E-4
83.8	-3.08E-4
83.9	-2.21E-4
84	-2.31E-4
84.1	-1.92E-4
84.2	-2.38E-4
84.3	-1.98E-4
84.4	-3.27E-4
84.5	-2E-5
84.6	-8.2E-5
84.7	-3.37E-4
84.8	-1E-5
84.9	-1.4E-5
85	-2.6E-5
85.1	-1.51E-4
85.2	-1.46E-4
85.3	-2.06E-4
85.4	-1.26E-4
85.5	-1.2E-5
85.6	-1.19E-4
85.7	-3.26E-4
85.8	-1.66E-4
85.9	2.1E-5
86	-2.17E-4
86.1	-1.61E-4
86.2	-1.81E-4
86.3	-6E-6
86.4	-1.54E-4
86.5	-1.22E-4
86.6	-2.35E-4
86.7	-8.5E-5
86.8	-2.62E-4
86.9	-2.35E-4
87	-2.55E-4
87.1	-1.32E-4
87.2	-5.7E-5
87.3	-1.51E-4
87.4	-1.59E-4
87.5	-1.85E-4
87.6	-1.34E-4
87.7	-1.55E-4
87.8	-1.72E-4
87.9	-3.12E-4
88	-3.11E-4
88.1	-2.01E-4
88.2	-3.41E-4
88.3	-2.75E-4
88.4	-3.41E-4
88.5	-1.27E-4
88.6	-1.09E-4
88.7	-2.96E-4
88.8	-3.97E-4
88.9	-2.72E-4
89	-1.74E-4
89.1	-2.19E-4
89.2	-2.81E-4
89.3	-4.56E-4
89.4	-2.3E-4
89.5	-1.41E-4
89.6	-3.28E-4
89.7	-1.69E-4
89.8	-3.17E-4
89.9	-1.76E-4
90	-3.32E-4
90.1	-2.43E-4
90.2	-2.52E-4
90.3	-5.9E-5
90.4	-2.22E-4
90.5	-2.62E-4
90.6	-1.01E-4
90.7	-1.45E-4
90.8	-1.8E-4
90.9	-2.07E-4
91	-9.2E-5
91.1	-1.53E-4
91.2	-2.06E-4
91.3	-1.15E-4
91.4	-2.23E-4
91.5	-1.39E-4
91.6	-1.17E-4
91.7	-8.8E-5
91.8	-9.6E-5
91.9	-1.75E-4
92	-2.2E-4
92.1	-4.4E-5
92.2	-2.52E-4
92.3	-1.13E-4
92.4	-1.11E-4
92.5	-2.78E-4
92.6	-3.29E-4
92.7	-9.2E-5
92.8	-1.98E-4
92.9	-2.27E-4
93	-2.34E-4
93.1	-2.87E-4
93.2	-2.04E-4
93.3	-2.63E-4
93.4	-2.47E-4
93.5	-1.1E-4
93.6	-2.05E-4
93.7	-1.41E-4
93.8	-1.48E-4
93.9	-1.19E-4
94	-3.92E-4
94.1	-1.81E-4
94.2	-1.9E-4
94.3	-3.68E-4
94.4	-2.45E-4
94.5	-4.05E-4
94.6	-4.71E-4
94.7	-3.95E-4
94.8	-4.46E-4
94.9	-5.36E-4
95	-5.15E-4
95.1	-7.28E-4
95.2	-6.45E-4
95.3	-6.39E-4
95.4	-6.81E-4
95.5	-6.56E-4
95.6	-7.83E-4
95.7	-6.53E-4
95.8	-6.49E-4
95.9	-6.35E-4
96	-5.64E-4
96.1	-5.62E-4
96.2	-7.72E-4
96.3	-6.44E-4
96.4	-4.69E-4
96.5	-5.52E-4
96.6	-4.9E-4
96.7	-5.5E-4
96.8	-5.38E-4
96.9	-3.19E-4
97	-3.84E-4
97.1	-3.42E-4
97.2	-2.66E-4
97.3	-2.23E-4
97.4	-1.38E-4
97.5	-1.81E-4
97.6	-2.41E-4
97.7	-8.6E-5
97.8	-2.12E-4
97.9	-1.82E-4
98	-2.37E-4
98.1	-1.69E-4
98.2	-2.72E-4
98.3	-1.14E-4
98.4	-2.05E-4
98.5	-1.95E-4
98.6	7.9E-5
98.7	-1.04E-4
98.8	-3.24E-4
98.9	-8.3E-5
99	-2.8E-4
99.1	-1.64E-4
99.2	-1.37E-4
99.3	-2.31E-4
99.4	-1.38E-4
99.5	-1.06E-4
99.6	-8.7E-5
99.7	-2.15E-4
99.8	-2.8E-4
99.9	-3.11E-4
100	-2.11E-4
100.1	-1.37E-4
100.2	-2.88E-4
100.3	-1.03E-4
100.4	-3.51E-4
100.5	-2.89E-4
100.6	-2.29E-4
100.7	-3.84E-4
100.8	-3.77E-4
100.9	-3.17E-4
101	-5.53E-4
101.1	-2.71E-4
101.2	-3.83E-4
101.3	-3.01E-4
101.4	-2.39E-4
101.5	-4.49E-4
101.6	-3.91E-4
101.7	-2.25E-4
101.8	-2.89E-4
101.9	-4.18E-4
102	-5.28E-4
102.1	-4.46E-4
102.2	-3.95E-4
102.3	-3.69E-4
102.4	-2.87E-4
102.5	-3.18E-4
102.6	-3.67E-4
102.7	-1.65E-4
102.8	-3.71E-4
102.9	-3.95E-4
103	-3.96E-4
103.1	-3.11E-4
103.2	-3.01E-4
103.3	-3.46E-4
103.4	-2.94E-4
103.5	-1.85E-4
103.6	-4.28E-4
103.7	-2.42E-4
103.8	-2.15E-4
103.9	-3.37E-4
104	-1.78E-4
104.1	-2.56E-4
104.2	-3.1E-4
104.3	-2.08E-4
104.4	-2.85E-4
104.5	-5.2E-5
104.6	-3.33E-4
104.7	-2.3E-4
104.8	-2.03E-4
104.9	-2.73E-4
105	-2.16E-4
105.1	-8.1E-5
105.2	-3.28E-4
105.3	-2.08E-4
105.4	-1.68E-4
105.5	-2E-4
105.6	-2.15E-4
105.7	-2.81E-4
105.8	-2.95E-4
105.9	-2.85E-4
106	-3.81E-4
106.1	-3.52E-4
106.2	-3.67E-4
106.3	-2.76E-4
106.4	-3.55E-4
106.5	-2.12E-4
106.6	-1.99E-4
106.7	-2.78E-4
106.8	-2.16E-4
106.9	-1.5E-4
107	-5.13E-4
107.1	-1.83E-4
107.2	-1.69E-4
107.3	-2.32E-4
107.4	-2.46E-4
107.5	-4.35E-4
107.6	-4.54E-4
107.7	-2.81E-4
107.8	-3.6E-4
107.9	-4.22E-4
108	-4.49E-4
108.1	-4.23E-4
108.2	-5.25E-4
108.3	-3.41E-4
108.4	-5.06E-4
108.5	-5.71E-4
108.6	-4.99E-4
108.7	-4.78E-4
108.8	-4.3E-4
108.9	-6.61E-4
109	-5.61E-4
109.1	-4.33E-4
109.2	-4.04E-4
109.3	-5.7E-4
109.4	-5.08E-4
109.5	-8.26E-4
109.6	-5.29E-4
109.7	-6.02E-4
109.8	-6.92E-4
109.9	-5.75E-4
110	-4.91E-4
110.1	-4.17E-4
110.2	-2.86E-4
110.3	-4.03E-4
110.4	-3.43E-4
110.5	-2.95E-4
110.6	-4.53E-4
110.7	-4.68E-4
110.8	-5E-4
110.9	-2.74E-4
111	-3.13E-4
111.1	-2.88E-4
111.2	-5.44E-4
111.3	-3.73E-4
111.4	-3.53E-4
111.5	-1.37E-4
111.6	-2.07E-4
111.7	-2.82E-4
111.8	-1.62E-4
111.9	-3.07E-4
112	-5E-4
112.1	-2.57E-4
112.2	-3.69E-4
112.3	-2.59E-4
112.4	-1.46E-4
112.5	-2.91E-4
112.6	-2.08E-4
112.7	-3.84E-4
112.8	-1.85E-4
112.9	-1.42E-4
113	-4.17E-4
113.1	-2.56E-4
113.2	-3.76E-4
113.3	-5.2E-5
113.4	-3.55E-4
113.5	-2.22E-4
113.6	-3.2E-4
113.7	-2.82E-4
113.8	-3.11E-4
113.9	-2.04E-4
114	-4.69E-4
114.1	-3.36E-4
114.2	-3.35E-4
114.3	-3.52E-4
114.4	-4.09E-4
114.5	-4.22E-4
114.6	-4.04E-4
114.7	-3.72E-4
114.8	-3.08E-4
114.9	-3.95E-4
115	-4.39E-4
115.1	-4.23E-4
115.2	-5.14E-4
115.3	-4.38E-4
115.4	-4.61E-4
115.5	-2.87E-4
115.6	-4.87E-4
115.7	-5.75E-4
115.8	-4.67E-4
115.9	-4.53E-4
116	-5.08E-4
116.1	-3.32E-4
116.2	-4.33E-4
116.3	-5.37E-4
116.4	-2.76E-4
116.5	-4.46E-4
116.6	-4.57E-4
116.7	-3.75E-4
116.8	-3.6E-4
116.9	-5.01E-4
117	-4.08E-4
117.1	-5.22E-4
117.2	-3.85E-4
117.3	-5.04E-4
117.4	-4.55E-4
117.5	-5.74E-4
117.6	-4.52E-4
117.7	-4.25E-4
117.8	-4.57E-4
117.9	-3.36E-4
118	-4.97E-4
118.1	-4.97E-4
118.2	-6.36E-4
118.3	-4.32E-4
118.4	-4.99E-4
118.5	-4.88E-4
118.6	-5.34E-4
118.7	-5.45E-4
118.8	-5.44E-4
118.9	-5.16E-4
119	-5.32E-4
119.1	-5.93E-4
119.2	-5.97E-4
119.3	-6.26E-4
119.4	-6.6E-4
119.5	-6.93E-4
119.6	-5.69E-4
119.7	-6.59E-4
119.8	-6.57E-4
119.9	-6.12E-4
120	-4.89E-4
120.1	-4.68E-4
120.2	-4.92E-4
120.3	-6.11E-4
120.4	-4.74E-4
120.5	-5.78E-4
120.6	-4.21E-4
120.7	-3.97E-4
120.8	-5.65E-4
120.9	-6.03E-4
121	-5.96E-4
121.1	-5.39E-4
121.2	-4.09E-4
121.3	-5.7E-4
121.4	-5.67E-4
121.5	-4.98E-4
121.6	-5.63E-4
121.7	-5.17E-4
121.8	-4.25E-4
121.9	-5.4E-4
122	-4.93E-4
122.1	-5.28E-4
122.2	-4.02E-4
122.3	-6.13E-4
122.4	-5.08E-4
122.5	-5.4E-4
122.6	-4.56E-4
122.7	-5.79E-4
122.8	-5.42E-4
122.9	-7.27E-4
123	-5.95E-4
123.1	-3.98E-4
123.2	-4.25E-4
123.3	-5.64E-4
123.4	-5.34E-4
123.5	-5.13E-4
123.6	-5.93E-4
123.7	-7.42E-4
123.8	-6.09E-4
123.9	-4.83E-4
124	-6.61E-4
124.1	-6.29E-4
124.2	-5.24E-4
124.3	-6.94E-4
124.4	-4.91E-4
124.5	-4.37E-4
124.6	-5.38E-4
124.7	-4.88E-4
124.8	-6.42E-4
124.9	-5.76E-4
125	-6.33E-4
125.1	-5.42E-4
125.2	-5.08E-4
125.3	-7.11E-4
125.4	-5.39E-4
125.5	-5.44E-4
125.6	-4.92E-4
125.7	-3.08E-4
125.8	-5.84E-4
125.9	-3.41E-4
126	-3.46E-4
126.1	-5.65E-4
126.2	-5.91E-4
126.3	-6.35E-4
126.4	-4.21E-4
126.5	-6.12E-4
126.6	-6.59E-4
126.7	-7.1E-4
126.8	-6.64E-4
126.9	-7.86E-4
127	-7.95E-4
127.1	-4.62E-4
127.2	-6.22E-4
127.3	-8.08E-4
127.4	-6.43E-4
127.5	-6.93E-4
127.6	-4.13E-4
127.7	-5.31E-4
127.8	-5.62E-4
127.9	-5.79E-4
128	-6.27E-4
128.1	-5.34E-4
128.2	-6.08E-4
128.3	-4.43E-4
128.4	-7.46E-4
128.5	-5.62E-4
128.6	-7.39E-4
128.7	-7.22E-4
128.8	-4.15E-4
128.9	-6.52E-4
129	-6.91E-4
129.1	-6.54E-4
129.2	-6.19E-4
129.3	-6.48E-4
129.4	-4.91E-4
129.5	-6.14E-4
129.6	-6.41E-4
129.7	-5.8E-4
129.8	-6.91E-4
129.9	-6.83E-4
130	-6.7E-4
130.1	-7.87E-4
130.2	-7.49E-4
130.3	-8.07E-4
130.4	-7.72E-4
130.5	-9.32E-4
130.6	-9.23E-4
130.7	-0.00102
130.8	-9.43E-4
130.9	-9.43E-4 
131	-0.00102
131.1	-0.00111
131.2	-0.001
131.3	-0.00124
131.4	-0.00118
131.5	-0.00128
131.6	-0.00134
131.7	-0.00136
131.8	-0.00134
131.9	-0.00155
132	-0.00166
132.1	-0.0017
132.2	-0.00162
132.3	-0.00172
132.4	-0.00183
132.5	-0.00172
132.6	-0.00165
132.7	-0.00189
132.8	-0.00175
132.9	-0.00171
133	-0.0015
133.1	-0.00165
133.2	-0.00159
133.3	-0.00144
133.4	-0.0012
133.5	-0.00106
133.6	-4.58E-4
133.7	-6.6E-5
133.8	3.22E-4
133.9	9.79E-4
134	0.00155
134.1	0.00225
134.2	0.00328
134.3	0.00427
134.4	0.00573
134.5	0.00715
134.6	0.00907
134.7	0.01099
134.8	0.01303
134.9	0.01564
135	0.01834
135.1	0.02121
135.2	0.02449
135.3	0.02763
135.4	0.03118
135.5	0.03482
135.6	0.03869
135.7	0.04257
135.8	0.04679
135.9	0.05087
136	0.05485
136.1	0.05883
136.2	0.06255
136.3	0.066
136.4	0.06899
136.5	0.07169
136.6	0.0739
136.7	0.07523
136.8	0.0761
136.9	0.07621
137	0.07553
137.1	0.07445
137.2	0.07222
137.3	0.06931
137.4	0.06548
137.5	0.06042
137.6	0.05456
137.7	0.04668
137.8	0.03688
137.9	0.02318
138	0.00279
138.1	-0.02952
138.2	-0.07962
138.3	-0.15058
138.4	-0.23987
138.5	-0.33814
138.6	-0.43085
138.7	-0.50131
138.8	-0.53572
138.9	-0.52792
139	-0.48148
139.1	-0.40548
139.2	-0.3116
139.3	-0.21055
139.4	-0.10892
139.5	-0.01213
139.6	0.07636
139.7	0.15202
139.8	0.2135
139.9	0.26066
140	0.29416
140.1	0.31366
140.2	0.32088
140.3	0.31593
140.4	0.3015
140.5	0.27853
140.6	0.25009
140.7	0.21813
140.8	0.18543
140.9	0.15337
141	0.12405
141.1	0.097
141.2	0.07315
141.3	0.05252
141.4	0.03454
141.5	0.01948
141.6	0.00683
141.7	-0.00345
141.8	-0.01155
141.9	-0.0177
142	-0.02215
142.1	-0.0254
142.2	-0.02786
142.3	-0.02954
142.4	-0.03007
142.5	-0.03048
142.6	-0.02944
142.7	-0.02756
142.8	-0.02554
142.9	-0.02494
143	-0.02541
143.1	-0.02749
143.2	-0.02989
143.3	-0.03164
143.4	-0.032
143.5	-0.02992
143.6	-0.02571
143.7	-0.02004
143.8	-0.0136
143.9	-0.00705
144	-0.00133
144.1	0.00399
144.2	0.00804
144.3	0.01127
144.4	0.0137
144.5	0.01571
144.6	0.01709
144.7	0.01799
144.8	0.01825
144.9	0.01802
145	0.01753
145.1	0.0163
145.2	0.01414
145.3	0.0112
145.4	0.00708
145.5	0.00339
145.6	-3.87E-4
145.7	-0.00303
145.8	-0.0047
145.9	-0.00549
146	-0.00563
146.1	-0.00551
146.2	-0.00505
146.3	-0.00497
146.4	-0.00481
146.5	-0.0054
146.6	-0.00614
146.7	-0.00753
146.8	-0.00901
146.9	-0.01055
147	-0.01231
147.1	-0.01392
147.2	-0.01591
147.3	-0.01799
147.4	-0.01998
147.5	-0.022
147.6	-0.02361
147.7	-0.02421
147.8	-0.02435
147.9	-0.02346
148	-0.02184
148.1	-0.0198
148.2	-0.01756
148.3	-0.01559
148.4	-0.01367
148.5	-0.01153
148.6	-0.00967
148.7	-0.00796
148.8	-0.0067
148.9	-0.00555
149	-0.0042
149.1	-0.00337
149.2	-0.00264
149.3	-0.00182
149.4	-0.00137
149.5	-7.73E-4
149.6	-4.77E-4
149.7	-3.99E-4
149.8	-1.48E-4
149.9	-3.8E-5
150	-2.1E-5
150.1	-4.06E-4
150.2	-5.44E-4
150.3	-3.84E-4
150.4	-3.89E-4
150.5	2.5E-4
150.6	7.23E-4
150.7	0.00124
150.8	0.00177
150.9	0.00197
151	0.00199
151.1	0.00228
151.2	0.00246
151.3	0.00298
151.4	0.00349
151.5	0.00354
151.6	0.0037
151.7	0.00332
151.8	0.00282
151.9	0.00231
152	0.00178
152.1	0.00136
152.2	0.00127
152.3	0.00109
152.4	8.02E-4
152.5	6.64E-4
152.6	5.61E-4
152.7	6.7E-4
152.8	4.18E-4
152.9	4.16E-4
153	6.4E-4
153.1	0.00136
153.2	0.00184
153.3	0.00214
153.4	0.00218
153.5	0.00163
153.6	0.00117
153.7	4.5E-4
153.8	-8E-5
153.9	-4.78E-4
154	-4.16E-4
154.1	-2.31E-4
154.2	-1.06E-4
154.3	-1.9E-5
154.4	2.8E-5
154.5	-6.9E-5
154.6	-1.7E-4
154.7	2.94E-4
154.8	7.73E-4
154.9	0.00168
155	0.00225
155.1	0.00234
155.2	0.00194
155.3	0.0015
155.4	0.00111
155.5	6.25E-4
155.6	5.7E-4
155.7	6.26E-4
155.8	9.55E-4
155.9	0.00134
156	0.00172
156.1	0.00196
156.2	0.00183
156.3	0.00191
156.4	0.00158
156.5	0.00189
156.6	0.00238
156.7	0.00321
156.8	0.0035
156.9	0.00369
157	0.00372
157.1	0.0035
157.2	0.0032
157.3	0.00294
157.4	0.00253
157.5	0.00242
157.6	0.00256
157.7	0.00268
157.8	0.00292
157.9	0.00267
158	0.00284
158.1	0.00282
158.2	0.00279
158.3	0.0033
158.4	0.00378
158.5	0.00448
158.6	0.00468
158.7	0.0047
158.8	0.00407
158.9	0.00356
159	0.0028
159.1	0.002
159.2	0.00115
159.3	4.54E-4
159.4	-2.43E-4
159.5	-0.00102
159.6	-0.00156
159.7	-0.00229
159.8	-0.00287
159.9	-0.0035
160	-0.00426
160.1	-0.00485
160.2	-0.00547
160.3	-0.0059
160.4	-0.00653
160.5	-0.00709
160.6	-0.00756
160.7	-0.00794
160.8	-0.00823
160.9	-0.00843
161	-0.00854
161.1	-0.00862
161.2	-0.00868
161.3	-0.00837
161.4	-0.00851
161.5	-0.00856
161.6	-0.00866
161.7	-0.00874
161.8	-0.00882
161.9	-0.00873
162	-0.00887
162.1	-0.00843
162.2	-0.00865
162.3	-0.00865
162.4	-0.00819
162.5	-0.00733
162.6	-0.00654
162.7	-0.00543
162.8	-0.00413
162.9	-0.00287
163	-0.00134
163.1	2.59E-4
163.2	0.00175
163.3	0.00309
163.4	0.00486
163.5	0.00633
163.6	0.00771
163.7	0.00877
163.8	0.01025
163.9	0.01107
164	0.01179
164.1	0.01229
164.2	0.01254
164.3	0.01283
164.4	0.0126
164.5	0.01227
164.6	0.01158
164.7	0.01081
164.8	0.01023
164.9	0.00962
165	0.00883
165.1	0.00806
165.2	0.00693
165.3	0.00584
165.4	0.00445
165.5	0.00339
165.6	0.0024
165.7	0.0014
165.8	3.63E-4
165.9	-3.61E-4
166	-0.00113
166.1	-0.00198
166.2	-0.00248
166.3	-0.00297
166.4	-0.00363
166.5	-0.00392
166.6	-0.004
166.7	-0.00388
166.8	-0.00396
166.9	-0.00384
167	-0.00342
167.1	-0.00339
167.2	-0.00322
167.3	-0.00316
167.4	-0.00308
167.5	-0.00271
167.6	-0.00248
167.7	-0.00192
167.8	-0.00164
167.9	-0.00148
168	-0.00138
168.1	-0.00149
168.2	-0.00198
168.3	-0.0023
168.4	-0.00244
168.5	-0.00222
168.6	-0.00202
168.7	-0.00216
168.8	-0.00161
168.9	-0.00125
169	-9.89E-4
169.1	-8.79E-4
169.2	-0.00103
169.3	-8.11E-4
169.4	-8.43E-4
169.5	-8.41E-4
169.6	-7.63E-4
169.7	-8.16E-4
169.8	-9.88E-4
169.9	-0.00163
170	-0.0021
170.1	-0.00247
170.2	-0.00304
170.3	-0.00286
170.4	-0.00279
170.5	-0.0026
170.6	-0.00227
170.7	-0.00201
170.8	-0.00198
170.9	-0.00166
171	-0.00139
171.1	-7.05E-4
171.2	-1.76E-4
171.3	6.4E-4
171.4	0.00111
171.5	0.0017
171.6	0.00228
171.7	0.00301
171.8	0.00353
171.9	0.00425
172	0.00496
172.1	0.00595
172.2	0.00659
172.3	0.00734
172.4	0.00759
172.5	0.00822
172.6	0.00827
172.7	0.00816
172.8	0.00785
172.9	0.00748
173	0.0072
173.1	0.00675
173.2	0.0062
173.3	0.0055
173.4	0.00488
173.5	0.00417
173.6	0.00322
173.7	0.00201
173.8	0.00111
173.9	1.72E-4
174	-9.06E-4
174.1	-0.00187
174.2	-0.00267
174.3	-0.0035
174.4	-0.00383
174.5	-0.0045
174.6	-0.00475
174.7	-0.00472
174.8	-0.00437
174.9	-0.00424
175	-0.00422
175.1	-0.00386
175.2	-0.00399
175.3	-0.00382
175.4	-0.00375
175.5	-0.00362
175.6	-0.00337
175.7	-0.00302
175.8	-0.00245
175.9	-0.00218
176	-0.00168
176.1	-0.00151
176.2	-0.00108
176.3	-0.00128
176.4	-0.00123
176.5	-0.00105
176.6	-0.0012
176.7	-0.00133
176.8	-0.0015
176.9	-0.0017
177	-0.00182
177.1	-0.00209
177.2	-0.00236
177.3	-0.00272
177.4	-0.00292
177.5	-0.00298
177.6	-0.00301
177.7	-0.00316
177.8	-0.00282
177.9	-0.0028
178	-0.00251
178.1	-0.0023
178.2	-0.00178
178.3	-0.00155
178.4	-0.00127
178.5	-8.19E-4
178.6	-9.57E-4
178.7	-6.97E-4
178.8	-7.05E-4
178.9	-5.85E-4
179	-5E-4
179.1	-7.56E-4
179.2	-8.5E-4
179.3	-0.00113
179.4	-0.00118
179.5	-0.0012
179.6	-0.0011
179.7	-0.0011
179.8	-6.1E-4
179.9	-6.39E-4
180	-7.11E-4
180.1	-7.79E-4
180.2	-8.07E-4
180.3	-7.96E-4
180.4	-0.00117
180.5	-0.00128
180.6	-0.00154
180.7	-0.00132
180.8	-0.00133
180.9	-0.0015
181	-0.00168
181.1	-0.00145
181.2	-0.00141
181.3	-0.00108
181.4	-7.28E-4
181.5	-7.72E-4
181.6	-2.52E-4
181.7	1.47E-4
181.8	2.13E-4
181.9	1.48E-4
182	2.18E-4
182.1	8.6E-5
182.2	-2.4E-5
182.3	2.82E-4
182.4	4.16E-4
182.5	4.22E-4
182.6	5.24E-4
182.7	3.88E-4
182.8	3.01E-4
182.9	1.4E-4
183	2.64E-4
183.1	7.07E-4
183.2	8.99E-4
183.3	0.00147
183.4	0.0019
183.5	0.00231
183.6	0.00253
183.7	0.00249
183.8	0.00243
183.9	0.00247
184	0.00267
184.1	0.00273
184.2	0.00269
184.3	0.00288
184.4	0.00248
184.5	0.00212
184.6	0.00165
184.7	0.00156
184.8	0.00155
184.9	0.00153
185	0.00176
185.1	0.00194
185.2	0.00218
185.3	0.00237
185.4	0.0021
185.5	0.0017
185.6	0.00113
185.7	6.66E-4
185.8	1.9E-4
185.9	-1.96E-4
186	-6.6E-4
186.1	-0.00122
186.2	-0.00177
186.3	-0.00243
186.4	-0.00299
186.5	-0.00326
186.6	-0.00348
186.7	-0.00341
186.8	-0.00324
186.9	-0.00307
187	-0.00302
187.1	-0.00297
187.2	-0.00281
187.3	-0.00294
187.4	-0.00327
187.5	-0.00331
187.6	-0.00337
187.7	-0.00344
187.8	-0.00345
187.9	-0.00334
188	-0.00322
188.1	-0.00277
188.2	-0.00276
188.3	-0.00199
188.4	-0.00117
188.5	-4.57E-4
188.6	6.16E-4
188.7	0.00188
188.8	0.00264
188.9	0.00393
189	0.00467
189.1	0.00522
189.2	0.00564
189.3	0.0057
189.4	0.00542
189.5	0.00523
189.6	0.00494
189.7	0.00432
189.8	0.00385
189.9	0.00315
190	0.00281
190.1	0.00184
190.2	0.00152
190.3	0.00104
190.4	7.4E-4
190.5	4.85E-4
190.6	2.33E-4
190.7	-1.6E-4
190.8	-3.45E-4
190.9	-6.74E-4
191	-0.00108
191.1	-0.00108
191.2	-0.00141
191.3	-0.00138
191.4	-0.00113
191.5	-9.26E-4
191.6	-5.41E-4
191.7	-7.8E-5
191.8	4.65E-4
191.9	7.99E-4
192	0.0011
192.1	0.00134
192.2	0.00199
192.3	0.00243
192.4	0.00308
192.5	0.0038
192.6	0.00437
192.7	0.00487
192.8	0.00495
192.9	0.0049
193	0.00511
193.1	0.00495
193.2	0.00457
193.3	0.00393
193.4	0.00273
193.5	0.00108
193.6	-6.88E-4
193.7	-0.0026
193.8	-0.00436
193.9	-0.00588
194	-0.00674
194.1	-0.00731
194.2	-0.00754
194.3	-0.00772
194.4	-0.00746
194.5	-0.00715
194.6	-0.0068
194.7	-0.00625
194.8	-0.0056
194.9	-0.0051
195	-0.00424
195.1	-0.00321
195.2	-0.00248
195.3	-0.00194
195.4	-0.00114
195.5	-7.93E-4
195.6	-5.64E-4
195.7	-5.17E-4
195.8	-5.37E-4
195.9	-3.09E-4
196	-2.62E-4
196.1	-3.51E-4
196.2	-5.25E-4
196.3	-5.69E-4
196.4	-6.97E-4
196.5	-9.86E-4
196.6	-0.00117
196.7	-8.82E-4
196.8	-7.61E-4
196.9	-7.23E-4
197	-4.37E-4
197.1	-4.9E-4
197.2	-4.28E-4
197.3	-2.08E-4
197.4	-2.82E-4
197.5	-2.4E-5
197.6	-1.62E-4
197.7	-1.48E-4
197.8	1.45E-4
197.9	3.52E-4
198	3.88E-4
198.1	1.39E-4
198.2	2.35E-4
198.3	1.21E-4
198.4	-4.4E-5
198.5	-1.99E-4
198.6	1.73E-4
198.7	4.98E-4
198.8	7.29E-4
198.9	8.7E-4
199	0.00118
199.1	0.00125
199.2	0.00134
199.3	0.00164
199.4	0.00162
199.5	0.00219
199.6	0.00233
199.7	0.00261
199.8	0.00268
199.9	0.00238
200	0.00211
200.1	0.0019
200.2	0.00162
200.3	0.00133
200.4	8.5E-4
200.5	6.51E-4
200.6	4.72E-4
200.7	3.4E-5
200.8	-1.82E-4
200.9	-4.53E-4
201	-7.2E-4
201.1	-8.32E-4
201.2	-9.75E-4
201.3	-9.44E-4
201.4	-9.42E-4
201.5	-5.96E-4
201.6	-0.00102
201.7	-0.001
201.8	-0.00139
201.9	-0.00161
202	-0.00188
202.1	-0.00207
202.2	-0.00227
202.3	-0.00219
202.4	-0.00206
202.5	-0.0021
202.6	-0.00231
202.7	-0.00226
202.8	-0.00237
202.9	-0.00205
203	-0.00193
203.1	-0.00167
203.2	-0.00132
203.3	-7.52E-4
203.4	-5.39E-4
203.5	-2.03E-4
203.6	-1.97E-4
203.7	1.94E-4
203.8	3.36E-4
203.9	4.76E-4
204	7.57E-4
204.1	8.97E-4
204.2	9.8E-4
204.3	9.79E-4
204.4	0.0012
204.5	0.00144
204.6	0.00132
204.7	0.00165
204.8	0.00192
204.9	0.00221
205	0.00239
205.1	0.00282
205.2	0.00312
205.3	0.0031
205.4	0.00333
205.5	0.00306
205.6	0.00323
205.7	0.00311
205.8	0.00281
205.9	0.00271
206	0.00234
206.1	0.00226
206.2	0.00198
206.3	0.0018
206.4	0.00138
206.5	8.93E-4
206.6	6.49E-4
206.7	8.7E-5
206.8	-3.82E-4
206.9	-7.97E-4
207	-0.00139
207.1	-0.00183
207.2	-0.00237
207.3	-0.00281
207.4	-0.00285
207.5	-0.00302
207.6	-0.00305
207.7	-0.00281
207.8	-0.0028
207.9	-0.0026
208	-0.00199
208.1	-0.00164
208.2	-0.00127
208.3	-0.00103
208.4	-6.85E-4
208.5	-4.39E-4
208.6	-2.9E-5
208.7	2.12E-4
208.8	4.39E-4
208.9	5.55E-4
209	4.06E-4
209.1	3.9E-4
209.2	3.74E-4
209.3	3.9E-5
209.4	1E-5
209.5	-1.65E-4
209.6	-1.95E-4
209.7	-3.36E-4
209.8	-2.99E-4
209.9	-3.53E-4
210	-5.87E-4
210.1	-6.02E-4
210.2	-8.08E-4
210.3	-7.48E-4
210.4	-6.2E-4
210.5	-5.64E-4
210.6	-6.94E-4
210.7	-7.7E-4
210.8	-7.99E-4
210.9	-8.55E-4
211	-0.00101
211.1	-0.00118
211.2	-0.00137
211.3	-0.00141
211.4	-0.00139
211.5	-0.00123
211.6	-0.00127
211.7	-0.00151
211.8	-0.00122
211.9	-0.00166
212	-0.0019
212.1	-0.00198
212.2	-0.00216
212.3	-0.0019
212.4	-0.00174
212.5	-0.00203
212.6	-0.00202
212.7	-0.00212
212.8	-0.00241
212.9	-0.00236
213	-0.00253
213.1	-0.0026
213.2	-0.00248
213.3	-0.00248
213.4	-0.00228
213.5	-0.00192
213.6	-0.00137
213.7	-9.75E-4
213.8	-5.71E-4
213.9	-1.86E-4
214	4.02E-4
214.1	0.00103
214.2	0.00172
214.3	0.00205
214.4	0.00227
214.5	0.00241
214.6	0.00216
214.7	0.00195
214.8	0.00172
214.9	0.00154
215	0.00155
215.1	0.00169
215.2	0.00183
215.3	0.00215
215.4	0.00272
215.5	0.00323
215.6	0.00381
215.7	0.00439
215.8	0.00505
215.9	0.00532
216	0.00546
216.1	0.00539
216.2	0.00493
216.3	0.00426
216.4	0.00376
216.5	0.00322
216.6	0.00236
216.7	0.00177
216.8	0.00143
216.9	8.76E-4
217	3.16E-4
217.1	-6.9E-5
217.2	-3.23E-4
217.3	-6.98E-4
217.4	-8.96E-4
217.5	-0.00151
217.6	-0.00209
217.7	-0.0034
217.8	-0.00501
217.9	-0.00724
218	-0.01
218.1	-0.01238
218.2	-0.01409
218.3	-0.01416
218.4	-0.01338
218.5	-0.01072
218.6	-0.00734
218.7	-0.00382
218.8	-6.38E-4
218.9	0.00181
219	0.00334
219.1	0.00436
219.2	0.00523
219.3	0.00534
219.4	0.00511
219.5	0.00464
219.6	0.00411
219.7	0.00367
219.8	0.00331
219.9	0.00299
220	0.00254
220.1	0.00226
220.2	0.00212
220.3	0.00192
220.4	0.00187
220.5	0.00147
220.6	0.00139
220.7	0.00107
220.8	8.39E-4
220.9	6.23E-4
221	1.79E-4
221.1	-1.51E-4
221.2	-3.42E-4
221.3	-7.04E-4
221.4	-7.97E-4
221.5	-0.00121
221.6	-0.00114
221.7	-0.00136
221.8	-0.00145
221.9	-0.00138
222	-0.00123
222.1	-9.92E-4
222.2	-7.92E-4
222.3	-3.51E-4
222.4	-1.59E-4
222.5	-2.35E-4
222.6	-2.33E-4
222.7	-1.22E-4
222.8	-2.39E-4
222.9	-4.84E-4
223	-5.22E-4
223.1	-5.63E-4
223.2	-5.75E-4
223.3	-5.32E-4
223.4	-5.56E-4
223.5	-6.37E-4
223.6	-5.52E-4
223.7	-8.46E-4
223.8	-9.72E-4
223.9	-0.00114
224	-0.00123
224.1	-0.00128
224.2	-0.0012
224.3	-9.65E-4
224.4	-5.3E-4
224.5	-2.09E-4
224.6	2.91E-4
224.7	9.37E-4
224.8	0.00156
224.9	0.00219
225	0.00271
225.1	0.00312
225.2	0.00343
225.3	0.00378
225.4	0.00397
225.5	0.00372
225.6	0.00355
225.7	0.00297
225.8	0.00237
225.9	0.00188
226	0.00102
226.1	4.9E-4
226.2	1.08E-4
226.3	-1.94E-4
226.4	-5E-4
226.5	-6.5E-4
226.6	-5.98E-4
226.7	-7.64E-4
226.8	-6.59E-4
226.9	-5.42E-4
227	-2.26E-4
227.1	-2.68E-4
227.2	-1.26E-4
227.3	-8.4E-5
227.4	-1.26E-4
227.5	-1.07E-4
227.6	-4.7E-5
227.7	-1.88E-4
227.8	3.1E-5
227.9	-2.62E-4
228	-9.8E-5
228.1	-2.94E-4
228.2	-6.56E-4
228.3	-0.00102
228.4	-0.00123
228.5	-0.00147
228.6	-0.00167
228.7	-0.00179
228.8	-0.00195
228.9	-0.00196
229	-0.00192
229.1	-0.00189
229.2	-0.00193
229.3	-0.00193
229.4	-0.00169
229.5	-0.00121
229.6	-0.00108
229.7	-7.59E-4
229.8	-3.15E-4
229.9	-3.5E-5
230	3.17E-4
230.1	3.75E-4
230.2	5.99E-4
230.3	7.75E-4
230.4	9.88E-4
230.5	0.00135
230.6	0.00152
230.7	0.00192
230.8	0.0022
230.9	0.00268
231	0.00296
231.1	0.00334
231.2	0.00382
231.3	0.00438
231.4	0.00483
231.5	0.00534
231.6	0.0058
231.7	0.00627
231.8	0.00642
231.9	0.00668
232	0.00685
232.1	0.00676
232.2	0.00683
232.3	0.00651
232.4	0.00649
232.5	0.00616
232.6	0.00579
232.7	0.00557
232.8	0.00504
232.9	0.00437
233	0.00376
233.1	0.00301
233.2	0.00187
233.3	7.6E-4
233.4	-5.56E-4
233.5	-0.00221
233.6	-0.00414
233.7	-0.00674
233.8	-0.00987
233.9	-0.01379
234	-0.01822
234.1	-0.02286
234.2	-0.02696
234.3	-0.03019
234.4	-0.03249
234.5	-0.03399
234.6	-0.03459
234.7	-0.03489
234.8	-0.03483
234.9	-0.03442
235	-0.03313
235.1	-0.0307
235.2	-0.02667
235.3	-0.02174
235.4	-0.0152
235.5	-0.00808
235.6	-8.11E-4
235.7	0.00585
235.8	0.01222
235.9	0.01801
236	0.02292
236.1	0.02697
236.2	0.02994
236.3	0.03186
236.4	0.03281
236.5	0.03298
236.6	0.03188
236.7	0.03024
236.8	0.02807
236.9	0.02551
237	0.02271
237.1	0.01977
237.2	0.01678
237.3	0.01375
237.4	0.01105
237.5	0.00844
237.6	0.00602
237.7	0.00409
237.8	0.00219
237.9	5.61E-4
238	-0.00108
238.1	-0.0024
238.2	-0.00354
238.3	-0.00445
238.4	-0.00527
238.5	-0.00576
238.6	-0.00652
238.7	-0.0072
238.8	-0.00746
238.9	-0.00777
239	-0.00771
239.1	-0.00779
239.2	-0.00756
239.3	-0.00739
239.4	-0.00714
239.5	-0.0068
239.6	-0.00666
239.7	-0.00625
239.8	-0.0056
239.9	-0.00452
240	-0.00323
240.1	-0.00162
240.2	4.61E-4
240.3	0.00236
240.4	0.00418
240.5	0.00513
240.6	0.0059
240.7	0.00635
240.8	0.00632
240.9	0.00605
241	0.00533
241.1	0.00459
241.2	0.00376
241.3	0.00246
241.4	0.00147
241.5	2.97E-4
241.6	-6.37E-4
241.7	-0.00133
241.8	-0.00249
241.9	-0.00291
242	-0.0037
242.1	-0.00423
242.2	-0.00449
242.3	-0.00466
242.4	-0.00462
242.5	-0.00427
242.6	-0.00419
242.7	-0.00375
242.8	-0.00308
242.9	-0.00279
243	-0.00233
243.1	-0.00208
243.2	-0.00168
243.3	-0.00126
243.4	-0.001
243.5	-0.00102
243.6	-4.18E-4
243.7	-2.53E-4
243.8	-5.65E-4
243.9	-7.87E-4
244	-8.92E-4
244.1	-0.00104
244.2	-0.00102
244.3	-0.00114
244.4	-8.35E-4
244.5	-7.3E-4
244.6	-4.37E-4
244.7	-3.12E-4
244.8	1.99E-4
244.9	5.36E-4
245	0.00102
245.1	0.00132
245.2	0.00206
245.3	0.00244
245.4	0.0028
245.5	0.00293
245.6	0.00318
245.7	0.00335
245.8	0.00337
245.9	0.00352
246	0.00344
246.1	0.00341
246.2	0.00323
246.3	0.00301
246.4	0.00258
246.5	0.00228
246.6	0.00197
246.7	0.00126
246.8	4.77E-4
246.9	1.94E-4
247	-5.75E-4
247.1	-0.00116
247.2	-0.00217
247.3	-0.00257
247.4	-0.00325
247.5	-0.00376
247.6	-0.00428
247.7	-0.00462
247.8	-0.00486
247.9	-0.00497
248	-0.00501
248.1	-0.00508
248.2	-0.0049
248.3	-0.00473
248.4	-0.00437
248.5	-0.00372
248.6	-0.00278
248.7	-0.00181
248.8	-9.66E-4
248.9	-6E-6
249	0.00105
249.1	0.00191
249.2	0.0025
249.3	0.00305
249.4	0.00354
249.5	0.00391
249.6	0.00412
249.7	0.00406
249.8	0.00396
249.9	0.00376
250	0.00321
250.1	0.00269
250.2	0.00241
250.3	0.00186
250.4	0.0015
250.5	0.00103
250.6	8.84E-4
250.7	4.82E-4
250.8	1.58E-4
250.9	-1.17E-4
251	-7.53E-4
251.1	-0.00107
251.2	-0.00142
251.3	-0.00153
251.4	-0.00172
251.5	-0.00188
251.6	-0.00204
251.7	-0.00202
251.8	-0.00208
251.9	-0.00212
252	-0.00206
252.1	-0.00208
252.2	-0.0023
252.3	-0.00219
252.4	-0.00201
252.5	-0.002
252.6	-0.00209
252.7	-0.00172
252.8	-0.00158
252.9	-0.00119
253	-0.00109
253.1	-7.25E-4
253.2	-6.5E-4
253.3	4.4E-5
253.4	6.34E-4
253.5	8.89E-4
253.6	0.00151
253.7	0.00194
253.8	0.00249
253.9	0.00264
254	0.00287
254.1	0.00328
254.2	0.00343
254.3	0.00363
254.4	0.0038
254.5	0.00359
254.6	0.0035
254.7	0.00324
254.8	0.00298
254.9	0.00259
255	0.00201
255.1	0.00154
255.2	0.00103
255.3	6.39E-4
255.4	-1.5E-5
255.5	-5.89E-4
255.6	-0.0011
255.7	-0.00128
255.8	-0.00184
255.9	-0.00207
256	-0.00251
256.1	-0.00293
256.2	-0.00303
256.3	-0.00299
256.4	-0.00324
256.5	-0.0032
256.6	-0.00318
256.7	-0.00343
256.8	-0.00319
256.9	-0.00324
257	-0.00305
257.1	-0.0027
257.2	-0.00267
257.3	-0.00274
257.4	-0.0029
257.5	-0.00262
257.6	-0.00258
257.7	-0.0027
257.8	-0.0028
257.9	-0.00282
258	-0.0031
258.1	-0.00333
258.2	-0.00347
258.3	-0.00343
258.4	-0.00388
258.5	-0.00396
258.6	-0.0039
258.7	-0.00387
258.8	-0.00367
258.9	-0.00363
259	-0.00319
259.1	-0.0025
259.2	-0.0017
259.3	-0.0011
259.4	-1.12E-4
259.5	0.00111
259.6	0.00203
259.7	0.00309
259.8	0.00364
259.9	0.00391
260	0.00434
260.1	0.00474
260.2	0.00491
260.3	0.00495
260.4	0.00473
260.5	0.005
260.6	0.0049
260.7	0.00452
260.8	0.00447
260.9	0.00427
261	0.00383
261.1	0.00374
261.2	0.00321
261.3	0.00269
261.4	0.00211
261.5	0.00166
261.6	0.00106
261.7	5.31E-4
261.8	-3.31E-4
261.9	-7.39E-4
262	-0.00108
262.1	-0.00149
262.2	-0.0018
262.3	-0.00219
262.4	-0.00219
262.5	-0.0025
262.6	-0.00251
262.7	-0.00267
262.8	-0.00265
262.9	-0.00273
263	-0.00267
263.1	-0.00302
263.2	-0.00309
263.3	-0.003
263.4	-0.00289
263.5	-0.00268
263.6	-0.00266
263.7	-0.00245
263.8	-0.00241
263.9	-0.00188
264	-0.00154
264.1	-0.00131
264.2	-8.51E-4
264.3	-6.01E-4
264.4	-2.64E-4
264.5	1.46E-4
264.6	2.58E-4
264.7	6.03E-4
264.8	8.42E-4
264.9	0.00106
265	0.00116
265.1	0.00143
265.2	0.00152
265.3	0.00159
265.4	0.00163
265.5	0.00159
265.6	0.00144
265.7	0.00107
265.8	8.42E-4
265.9	6.04E-4
266	3.83E-4
266.1	1.53E-4
266.2	-3.7E-5
266.3	-1.75E-4
266.4	-2.3E-4
266.5	-3.99E-4
266.6	-4.5E-4
266.7	-3.7E-4
266.8	-7.1E-5
266.9	3.2E-5
267	2.88E-4
267.1	7.56E-4
267.2	0.00104
267.3	0.00147
267.4	0.00181
267.5	0.00211
267.6	0.00221
267.7	0.00218
267.8	0.00232
267.9	0.00225
268	0.00213
268.1	0.00178
268.2	0.00154
268.3	0.00129
268.4	8.67E-4
268.5	6.25E-4
268.6	5.19E-4
268.7	3.42E-4
268.8	4.33E-4
268.9	3.91E-4
269	5.19E-4
269.1	5.66E-4
269.2	6.36E-4
269.3	0.00104
269.4	0.00131
269.5	0.00145
269.6	0.00172
269.7	0.00206
269.8	0.00194
269.9	0.00222
270	0.00242
270.1	0.00212
270.2	0.00221
270.3	0.00188
270.4	0.00155
270.5	0.00118
270.6	4.9E-4
270.7	-3.35E-4
270.8	-0.00113
270.9	-0.00161
271	-0.0021
271.1	-0.00274
271.2	-0.0031
271.3	-0.00319
271.4	-0.0035
271.5	-0.00364
271.6	-0.00394
271.7	-0.00386
271.8	-0.00387
271.9	-0.00392
272	-0.00392
272.1	-0.00411
272.2	-0.00408
272.3	-0.00402
272.4	-0.00394
272.5	-0.00361
272.6	-0.00366
272.7	-0.00322
272.8	-0.003
272.9	-0.00227
273	-0.00186
273.1	-0.00127
273.2	-6.98E-4
273.3	-1.7E-5
273.4	4.46E-4
273.5	0.00107
273.6	0.00131
273.7	0.00137
273.8	0.00159
273.9	0.00155
274	0.0012
274.1	0.00109
274.2	0.00112
274.3	7.89E-4
274.4	4.95E-4
274.5	5.8E-4
274.6	4.25E-4
274.7	3.34E-4
274.8	4.71E-4
274.9	5.95E-4
275	8.06E-4
275.1	7.22E-4
275.2	0.00119
275.3	0.00128
275.4	0.00132
275.5	0.0014
275.6	0.00121
275.7	0.00105
275.8	0.00103
275.9	7.61E-4
276	1.4E-4
276.1	-7.2E-5
276.2	-5.62E-4
276.3	-8.55E-4
276.4	-0.00122
276.5	-0.00155
276.6	-0.00185
276.7	-0.00206
276.8	-0.0022
276.9	-0.00225
277	-0.00252
277.1	-0.00244
277.2	-0.00224
277.3	-0.00226
277.4	-0.00205
277.5	-0.00177
277.6	-0.00151
277.7	-0.00101
277.8	-6.98E-4
277.9	-1.1E-4
278	-1.4E-5
278.1	5.05E-4
278.2	9.01E-4
278.3	0.00123
278.4	0.0017
278.5	0.00235
278.6	0.00243
278.7	0.00296
278.8	0.00326
278.9	0.00343
279	0.00375
279.1	0.00385
279.2	0.00386
279.3	0.00381
279.4	0.00338
279.5	0.00304
279.6	0.00264
279.7	0.00199
279.8	0.0014
279.9	8.16E-4
280	1.52E-4
280.1	-3.94E-4
280.2	-5.09E-4
280.3	-6.78E-4
280.4	-9.57E-4
280.5	-0.00116
280.6	-0.00155
280.7	-0.00179
280.8	-0.00209
280.9	-0.00238
281	-0.00271
281.1	-0.00276
281.2	-0.00295
281.3	-0.00281
281.4	-0.00314
281.5	-0.00308
281.6	-0.0034
281.7	-0.0036
281.8	-0.00348
281.9	-0.00344
282	-0.00368
282.1	-0.00352
282.2	-0.00323
282.3	-0.0031
282.4	-0.00292
282.5	-0.00281
282.6	-0.00278
282.7	-0.00286
282.8	-0.00257
282.9	-0.0025
283	-0.00244
283.1	-0.00239
283.2	-0.00204
283.3	-0.00186
283.4	-0.00175
283.5	-0.00163
283.6	-0.0012
283.7	-6.75E-4
283.8	-2.88E-4
283.9	4E-6
284	4.64E-4
284.1	8.24E-4
284.2	0.00127
284.3	0.0013
284.4	0.0017
284.5	0.00192
284.6	0.00202
284.7	0.00212
284.8	0.00217
284.9	0.00234
285	0.00243
285.1	0.00251
285.2	0.00241
285.3	0.00252
285.4	0.00218
285.5	0.00198
285.6	0.00182
285.7	0.00178
285.8	0.00162
285.9	0.00141
286	0.00119
286.1	0.00109
286.2	9.75E-4
286.3	5.88E-4
286.4	2.12E-4
286.5	0
286.6	-2.98E-4
286.7	-5.01E-4
286.8	-9.84E-4
286.9	-0.00112
287	-0.00128
287.1	-0.00136
287.2	-0.00115
287.3	-0.00105
287.4	-0.00113
287.5	-9.12E-4
287.6	-5.57E-4
287.7	-1.33E-4
287.8	2.04E-4
287.9	4.2E-4
288	7.85E-4
288.1	0.00115
288.2	0.00145
288.3	0.00153
288.4	0.00161
288.5	0.00175
288.6	0.00182
288.7	0.00176
288.8	0.00157
288.9	0.00158
289	0.00145
289.1	0.00119
289.2	0.00101
289.3	0.00109
289.4	6.89E-4
289.5	6.84E-4
289.6	8.11E-4
289.7	8.41E-4
289.8	7.18E-4
289.9	9.02E-4
290	8.07E-4
290.1	6.47E-4
290.2	7.78E-4
290.3	6.33E-4
290.4	5.67E-4
290.5	2.95E-4
290.6	4.09E-4
290.7	4.39E-4
290.8	4.3E-4
290.9	2.25E-4
291	4.17E-4
291.1	2.2E-4
291.2	3.61E-4
291.3	2.58E-4
291.4	1.43E-4
291.5	2.66E-4
291.6	-2.4E-5
291.7	-1.78E-4
291.8	-5.13E-4
291.9	-7.1E-4
292	-0.00101
292.1	-0.00117
292.2	-0.00124
292.3	-0.00128
292.4	-0.00128
292.5	-0.00127
292.6	-0.00136
292.7	-9.9E-4
292.8	-0.00101
292.9	-0.0011
293	-9.23E-4
293.1	-9.96E-4
293.2	-8.97E-4
293.3	-7.09E-4
293.4	-7.75E-4
293.5	-0.00105
293.6	-0.00102
293.7	-0.00106
293.8	-0.00117
293.9	-0.00129
294	-0.00148
294.1	-0.00151
294.2	-0.00121
294.3	-0.00121
294.4	-0.00112
294.5	-9.31E-4
294.6	-8.39E-4
294.7	-7.38E-4
294.8	-4.89E-4
294.9	-3E-5
295	5.5E-5
295.1	3.78E-4
295.2	7.57E-4
295.3	0.00103
295.4	0.00112
295.5	0.00135
295.6	0.00161
295.7	0.00139
295.8	0.00157
295.9	0.00136
296	0.0012
296.1	9.63E-4
296.2	7.72E-4
296.3	5.74E-4
296.4	5E-6
296.5	-2.3E-5
296.6	-4.19E-4
296.7	-6.23E-4
296.8	-0.00114
296.9	-9.17E-4
297	-0.00125
297.1	-0.00138
297.2	-0.0013
297.3	-0.00147
297.4	-0.00132
297.5	-0.00134
297.6	-0.00149
297.7	-0.00133
297.8	-0.00122
297.9	-0.00117
298	-9.46E-4
298.1	-7.87E-4
298.2	-6.62E-4
298.3	-4.73E-4
298.4	-4.35E-4
298.5	-1.99E-4
298.6	-2.45E-4
298.7	-2.5E-4
298.8	-1.01E-4
298.9	1.36E-4
299	3.03E-4
299.1	2.98E-4
299.2	5.7E-4
299.3	4.48E-4
299.4	5.88E-4
299.5	5.39E-4
299.6	4.89E-4
299.7	4.59E-4
299.8	4.52E-4
299.9	2.83E-4
300	1.94E-4
300.1	2.47E-4
300.2	4.1E-4
300.3	5.34E-4
300.4	5.67E-4
300.5	6.9E-4
300.6	5.51E-4
300.7	6.03E-4
300.8	6.95E-4
300.9	5.83E-4
301	5.31E-4
301.1	3.28E-4
301.2	1.35E-4
301.3	-3.49E-4
301.4	-6.49E-4
301.5	-9.66E-4
301.6	-0.00132
301.7	-0.00158
301.8	-0.00184
301.9	-0.00211
302	-0.00223
302.1	-0.00224
302.2	-0.00227
302.3	-0.00229
302.4	-0.002
302.5	-0.00184
302.6	-0.00172
302.7	-0.00151
302.8	-0.00107
302.9	-9.95E-4
303	-6.19E-4
303.1	-3.9E-4
303.2	-2.71E-4
303.3	-2.3E-5
303.4	2.33E-4
303.5	1.13E-4
303.6	4.05E-4
303.7	3.53E-4
303.8	4.21E-4
303.9	5.26E-4
304	5.87E-4
304.1	4.63E-4
304.2	5.05E-4
304.3	4.36E-4
304.4	5.51E-4
304.5	5.86E-4
304.6	3.64E-4
304.7	2.72E-4
304.8	3.29E-4
304.9	2.48E-4
305	2.06E-4
305.1	2.64E-4
305.2	1.76E-4
305.3	3.85E-4
305.4	1.2E-5
305.5	-5.8E-5
305.6	-6.6E-5
305.7	-4.7E-5
305.8	-6.4E-5
305.9	-3.15E-4
306	-1.8E-4
306.1	-2.92E-4
306.2	-5.1E-4
306.3	-5.44E-4
306.4	-5.88E-4
306.5	-6.32E-4
306.6	-5.53E-4
306.7	-7.13E-4
306.8	-5.83E-4
306.9	-6.42E-4
307	-5.46E-4
307.1	-3.84E-4
307.2	-3.37E-4
307.3	-1.37E-4
307.4	2.1E-5
307.5	1.92E-4
307.6	3.53E-4
307.7	2.31E-4
307.8	2.85E-4
307.9	3.73E-4
308	6.47E-4
308.1	6E-4
308.2	6.86E-4
308.3	7.34E-4
308.4	7.57E-4
308.5	9.29E-4
308.6	0.00108
308.7	0.00114
308.8	0.00125
308.9	0.00115
309	0.00109
309.1	0.00115
309.2	0.00111
309.3	0.00107
309.4	9.55E-4
309.5	8.33E-4
309.6	7.63E-4
309.7	6.39E-4
309.8	4.39E-4
309.9	2.71E-4
310	6.1E-5
310.1	-1.27E-4
310.2	-1.75E-4
310.3	-3.33E-4
310.4	-2.84E-4
310.5	-3.33E-4
310.6	-2.05E-4
310.7	-3.38E-4
310.8	-4E-6
310.9	2.76E-4
311	3.45E-4
311.1	4.13E-4
311.2	4.94E-4
311.3	8.18E-4
311.4	5.35E-4
311.5	6.44E-4
311.6	5.52E-4
311.7	4.83E-4
311.8	2.5E-4
311.9	-4.3E-5
312	-2.53E-4
312.1	-6.53E-4
312.2	-8.83E-4
312.3	-0.00102
312.4	-0.00133
312.5	-0.0016
312.6	-0.00182
312.7	-0.0019
312.8	-0.00218
312.9	-0.00251
313	-0.00227
313.1	-0.00236
313.2	-0.00248
313.3	-0.00242
313.4	-0.00212
313.5	-0.00199
313.6	-0.00181
313.7	-0.00144
313.8	-0.00121
313.9	-8.47E-4
314	-4.22E-4
314.1	-2.88E-4
314.2	6.4E-5
314.3	1.21E-4
314.4	2.25E-4
314.5	2.46E-4
314.6	4.79E-4
314.7	3.58E-4
314.8	3.37E-4
314.9	5.99E-4
315	5.92E-4
315.1	7.63E-4
315.2	0.00118
315.3	0.00143
315.4	0.00165
315.5	0.0018
315.6	0.00202
315.7	0.00214
315.8	0.00221
315.9	0.00216
316	0.00203
316.1	0.00186
316.2	0.00176
316.3	0.00177
316.4	0.00146
316.5	0.00165
316.6	0.00172
316.7	0.002
316.8	0.00154
316.9	0.00183
317	0.00169
317.1	0.00156
317.2	0.00132
317.3	0.00118
317.4	8.23E-4
317.5	5.72E-4
317.6	4.23E-4
317.7	1.67E-4
317.8	-1.17E-4
317.9	-3.35E-4
318	-5.9E-4
318.1	-8.28E-4
318.2	-0.00107
318.3	-0.00111
318.4	-0.0013
318.5	-0.00146
318.6	-0.00161
318.7	-0.00179
318.8	-0.0021
318.9	-0.00212
319	-0.00234
319.1	-0.00241
319.2	-0.00249
319.3	-0.00273
319.4	-0.00235
319.5	-0.00212
319.6	-0.00169
319.7	-0.00123
319.8	-9.14E-4
319.9	-3.42E-4