0	3.6E-4
0.1	5.7E-4
0.2	5.06E-4
0.3	7.3E-4
0.4	5.65E-4
0.5	4.02E-4
0.6	6.13E-4
0.7	6.27E-4
0.8	5.76E-4
0.9	5.25E-4
1	3.04E-4
1.1	3.95E-4
1.2	6.56E-4
1.3	4.06E-4
1.4	4.45E-4
1.5	3.48E-4
1.6	3.4E-4
1.7	2.24E-4
1.8	1.04E-4
1.9	5.1E-5
2	-1.33E-4
2.1	-1.73E-4
2.2	-1.39E-4
2.3	-2.06E-4
2.4	-2.42E-4
2.5	-4.28E-4
2.6	-5.17E-4
2.7	-8.33E-4
2.8	-5.71E-4
2.9	-7.5E-4
3	-9.39E-4
3.1	-0.00103
3.2	-9.91E-4
3.3	-0.00112
3.4	-0.0011
3.5	-9.71E-4
3.6	-0.00123
3.7	-0.00107
3.8	-0.00106
3.9	-0.00116
4	-0.001
4.1	-8.22E-4
4.2	-7.35E-4
4.3	-8.78E-4
4.4	-7.54E-4
4.5	-7.21E-4
4.6	-5.04E-4
4.7	-7.52E-4
4.8	-5.92E-4
4.9	-7.97E-4
5	-7.32E-4
5.1	-5.31E-4
5.2	-6.17E-4
5.3	-3.18E-4
5.4	-4.59E-4
5.5	-5.29E-4
5.6	-4.26E-4
5.7	-5.56E-4
5.8	-3.88E-4
5.9	-8.3E-5
6	-1.39E-4
6.1	-2.69E-4
6.2	-2E-6
6.3	6.1E-5
6.4	1.23E-4
6.5	9.3E-5
6.6	2.07E-4
6.7	1.56E-4
6.8	3.56E-4
6.9	2.64E-4
7	2.49E-4
7.1	1.58E-4
7.2	3.47E-4
7.3	3.02E-4
7.4	-1.21E-4
7.5	5.3E-5
7.6	2.2E-4
7.7	7.7E-5
7.8	1.04E-4
7.9	1.05E-4
8	8.9E-5
8.1	6.8E-5
8.2	1.52E-4
8.3	-2.33E-4
8.4	-1.09E-4
8.5	-2E-5
8.6	-1.56E-4
8.7	2.7E-5
8.8	-8.6E-5
8.9	5E-6
9	-1.06E-4
9.1	-2.08E-4
9.2	-2.33E-4
9.3	-3.74E-4
9.4	-3.41E-4
9.5	-1.81E-4
9.6	-3.82E-4
9.7	-1.33E-4
9.8	-1.02E-4
9.9	-5.1E-5
10	-1.88E-4
10.1	-3.9E-5
10.2	3.4E-5
10.3	9.5E-5
10.4	2.8E-5
10.5	-7E-6
10.6	9.3E-5
10.7	1.35E-4
10.8	1.73E-4
10.9	1E-4
11	1.92E-4
11.1	1.98E-4
11.2	1.69E-4
11.3	3.61E-4
11.4	2.46E-4
11.5	1.85E-4
11.6	2.07E-4
11.7	3.9E-4
11.8	3.9E-4
11.9	2.19E-4
12	4.24E-4
12.1	4.7E-4
12.2	2.25E-4
12.3	2.07E-4
12.4	2.92E-4
12.5	4.17E-4
12.6	3.16E-4
12.7	2E-4
12.8	2.72E-4
12.9	3.44E-4
13	2.09E-4
13.1	8.9E-5
13.2	1.45E-4
13.3	7.2E-5
13.4	3.2E-5
13.5	7.6E-5
13.6	-9.8E-5
13.7	-8.9E-5
13.8	-2.3E-5
13.9	-4E-5
14	-9.1E-5
14.1	-1.74E-4
14.2	-1.84E-4
14.3	-1.48E-4
14.4	-3.22E-4
14.5	-2.92E-4
14.6	-2.64E-4
14.7	-1.75E-4
14.8	-2.62E-4
14.9	-2.23E-4
15	-1.49E-4
15.1	-1.41E-4
15.2	-1.49E-4
15.3	-1.13E-4
15.4	-1.07E-4
15.5	-2.25E-4
15.6	4.2E-5
15.7	-2.89E-4
15.8	-1.07E-4
15.9	-8.2E-5
16	-2.61E-4
16.1	-1.99E-4
16.2	-2.18E-4
16.3	-1.81E-4
16.4	-3.29E-4
16.5	-2.03E-4
16.6	-2.78E-4
16.7	-1.71E-4
16.8	-1.98E-4
16.9	-2.11E-4
17	-7.4E-5
17.1	-3.84E-4
17.2	-4.8E-4
17.3	-2.79E-4
17.4	-3.58E-4
17.5	-3.19E-4
17.6	-3.69E-4
17.7	-3.55E-4
17.8	-2.44E-4
17.9	-3.75E-4
18	-3.07E-4
18.1	-3.03E-4
18.2	-3.1E-4
18.3	-1.84E-4
18.4	-3.82E-4
18.5	-3.41E-4
18.6	1.9E-5
18.7	-3.75E-4
18.8	-1.72E-4
18.9	-2.95E-4
19	-4.34E-4
19.1	-1.98E-4
19.2	-2.48E-4
19.3	-2.42E-4
19.4	-2.15E-4
19.5	-2.43E-4
19.6	-1.98E-4
19.7	-3.03E-4
19.8	-2.16E-4
19.9	-2.66E-4
20	-1.59E-4
20.1	-1.45E-4
20.2	-2.08E-4
20.3	-1.18E-4
20.4	-8.8E-5
20.5	-1.08E-4
20.6	-1.48E-4
20.7	-5.4E-5
20.8	-5.5E-5
20.9	-1.27E-4
21	-2.93E-4
21.1	-1.08E-4
21.2	-1E-5
21.3	-4.4E-5
21.4	1.49E-4
21.5	-2.3E-5
21.6	-8E-5
21.7	4.7E-5
21.8	-3.3E-5
21.9	-3.3E-5
22	-9.4E-5
22.1	-7.6E-5
22.2	-1.6E-4
22.3	-1.72E-4
22.4	-1.08E-4
22.5	4.7E-5
22.6	-1.54E-4
22.7	-1.74E-4
22.8	-2.18E-4
22.9	3.3E-5
23	1.1E-5
23.1	-2.92E-4
23.2	9E-6
23.3	-1.51E-4
23.4	1.3E-5
23.5	3.5E-5
23.6	-5.8E-5
23.7	-5.3E-5
23.8	3E-5
23.9	2.03E-4
24	-1.22E-4
24.1	1.49E-4
24.2	3.8E-5
24.3	7.3E-5
24.4	-9.7E-5
24.5	3.7E-5
24.6	-1.9E-4
24.7	5.6E-5
24.8	-4.4E-5
24.9	-2.7E-5
25	-1.26E-4
25.1	-6.4E-5
25.2	-1.19E-4
25.3	-1.11E-4
25.4	-1.6E-4
25.5	-2E-6
25.6	-2.24E-4
25.7	-2.16E-4
25.8	-3.16E-4
25.9	-2.15E-4
26	-8.5E-5
26.1	-1.98E-4
26.2	-2.49E-4
26.3	-9.1E-5
26.4	-2.21E-4
26.5	-2.2E-4
26.6	-2.08E-4
26.7	-1.93E-4
26.8	-2.5E-5
26.9	-1.59E-4
27	-1.82E-4
27.1	-1.84E-4
27.2	-1.52E-4
27.3	-2.99E-4
27.4	-2.13E-4
27.5	-1.76E-4
27.6	-1.87E-4
27.7	-1.46E-4
27.8	-1.86E-4
27.9	1.8E-5
28	-1.18E-4
28.1	-1E-6
28.2	3.3E-5
28.3	-1.11E-4
28.4	-6.6E-5
28.5	7.8E-5
28.6	1.37E-4
28.7	-6E-6
28.8	8E-5
28.9	4.7E-5
29	1.87E-4
29.1	-1.21E-4
29.2	-1.29E-4
29.3	-1.6E-4
29.4	9.7E-5
29.5	7.3E-5
29.6	-8.1E-5
29.7	-4E-5
29.8	-7.9E-5
29.9	7.1E-5
30	1.7E-5
30.1	-8.5E-5
30.2	1.4E-5
30.3	-8.1E-5
30.4	-6.3E-5
30.5	-4.8E-5
30.6	-1.8E-5
30.7	-6.2E-5
30.8	-8.6E-5
30.9	-6.1E-5
31	-1.18E-4
31.1	-2.48E-4
31.2	5.9E-5
31.3	-2.9E-5
31.4	-2.34E-4
31.5	-1.01E-4
31.6	9E-6
31.7	-8.9E-5
31.8	-1.83E-4
31.9	-7.6E-5
32	-6.2E-5
32.1	-1.92E-4
32.2	-5.8E-5
32.3	-2.02E-4
32.4	-1.46E-4
32.5	-2.8E-4
32.6	-3.63E-4
32.7	-4.7E-4
32.8	-3.19E-4
32.9	-1.21E-4
33	-2.88E-4
33.1	-2.01E-4
33.2	-2.71E-4
33.3	-3.64E-4
33.4	-3.7E-4
33.5	-3.29E-4
33.6	-2.83E-4
33.7	-2.22E-4
33.8	-3.27E-4
33.9	-3.35E-4
34	-5.21E-4
34.1	-2.28E-4
34.2	-3.31E-4
34.3	-2.81E-4
34.4	-2.24E-4
34.5	-2.71E-4
34.6	-1.69E-4
34.7	-1.96E-4
34.8	-4.02E-4
34.9	-1.69E-4
35	-2.91E-4
35.1	-1.72E-4
35.2	-2.06E-4
35.3	-3.12E-4
35.4	-2.91E-4
35.5	-2.57E-4
35.6	-7.3E-5
35.7	-9.9E-5
35.8	-6.5E-5
35.9	-5.3E-5
36	-3.5E-5
36.1	-1.3E-4
36.2	2.8E-5
36.3	4E-5
36.4	-1.7E-5
36.5	-1.92E-4
36.6	-1.99E-4
36.7	3.3E-5
36.8	1.1E-4
36.9	4E-5
37	7.5E-5
37.1	-1.61E-4
37.2	-1.34E-4
37.3	4.3E-5
37.4	1.12E-4
37.5	-3.9E-5
37.6	2.1E-5
37.7	-1.58E-4
37.8	-3.1E-5
37.9	-1.33E-4
38	-7E-6
38.1	-2.5E-5
38.2	-2.1E-5
38.3	4.5E-5
38.4	2.4E-5
38.5	4.7E-5
38.6	-2E-6
38.7	-5.7E-5
38.8	-7.3E-5
38.9	-8.6E-5
39	4.9E-5
39.1	-1.3E-5
39.2	-1.16E-4
39.3	-2.69E-4
39.4	6.1E-5
39.5	-1.17E-4
39.6	-4.8E-5
39.7	-1.69E-4
39.8	7.8E-5
39.9	-1.51E-4
40	-2E-6
40.1	-2.12E-4
40.2	-9.4E-5
40.3	1.19E-4
40.4	-9.6E-5
40.5	-3.16E-4
40.6	-5.6E-5
40.7	-1.07E-4
40.8	-1.7E-5
40.9	-7E-6
41	-1.12E-4
41.1	-1.4E-5
41.2	-1.57E-4
41.3	-1.86E-4
41.4	-2.32E-4
41.5	-2.11E-4
41.6	-2.42E-4
41.7	-2.06E-4
41.8	-8E-5
41.9	-2.35E-4
42	-1.75E-4
42.1	-1.77E-4
42.2	-6.6E-5
42.3	-1.87E-4
42.4	-1.51E-4
42.5	-2E-6
42.6	-1.38E-4
42.7	-1.78E-4
42.8	-3.11E-4
42.9	-2.03E-4
43	-8.5E-5
43.1	-1.42E-4
43.2	-2.3E-5
43.3	7.7E-5
43.4	-7.2E-5
43.5	-1.03E-4
43.6	-7.2E-5
43.7	-1.96E-4
43.8	-1.77E-4
43.9	-4.6E-5
44	-9.2E-5
44.1	3E-6
44.2	-1.8E-5
44.3	-7.1E-5
44.4	-3.4E-5
44.5	7E-5
44.6	-1.63E-4
44.7	-2.2E-4
44.8	-4.2E-5
44.9	-3.16E-4
45	-5.7E-5
45.1	-1.8E-4
45.2	-1.27E-4
45.3	-2.11E-4
45.4	-1.64E-4
45.5	-2.22E-4
45.6	-1.05E-4
45.7	-2.03E-4
45.8	-2.53E-4
45.9	-2.4E-4
46	-1.29E-4
46.1	-1.14E-4
46.2	-2.37E-4
46.3	-4.09E-4
46.4	-2.21E-4
46.5	-2.48E-4
46.6	-1.9E-4
46.7	-4.13E-4
46.8	-2.32E-4
46.9	-1.59E-4
47	-3.54E-4
47.1	-2.62E-4
47.2	-2.9E-4
47.3	-2.17E-4
47.4	-3.9E-4
47.5	-2.41E-4
47.6	-2.57E-4
47.7	-1.42E-4
47.8	-1.96E-4
47.9	-1.84E-4
48	-2.79E-4
48.1	-2.89E-4
48.2	-1.88E-4
48.3	-1.67E-4
48.4	3.9E-5
48.5	-1.36E-4
48.6	-2.59E-4
48.7	-6.9E-5
48.8	-1.33E-4
48.9	-1.72E-4
49	-1.57E-4
49.1	-1.37E-4
49.2	-1.42E-4
49.3	-1.25E-4
49.4	-1.4E-5
49.5	-9E-5
49.6	-2.28E-4
49.7	-2.52E-4
49.8	-2.07E-4
49.9	-2.52E-4
50	-1.06E-4
50.1	-7.8E-5
50.2	4.1E-5
50.3	-1.63E-4
50.4	-4.7E-5
50.5	-2.27E-4
50.6	-1.11E-4
50.7	-4E-6
50.8	-1.45E-4
50.9	-3.9E-5
51	-2.1E-4
51.1	-7.9E-5
51.2	-6E-6
51.3	-1.51E-4
51.4	-1.13E-4
51.5	-3.12E-4
51.6	-2.26E-4
51.7	-1.3E-4
51.8	-8.6E-5
51.9	-9.9E-5
52	-1.8E-4
52.1	-1.93E-4
52.2	-1.87E-4
52.3	-1.68E-4
52.4	-1.9E-4
52.5	-1.87E-4
52.6	-2.41E-4
52.7	-9.7E-5
52.8	-1.01E-4
52.9	-1.39E-4
53	-1.42E-4
53.1	-1.67E-4
53.2	-3.28E-4
53.3	-3.41E-4
53.4	-1.99E-4
53.5	-4.34E-4
53.6	-1.99E-4
53.7	-2.18E-4
53.8	-2.69E-4
53.9	-3.05E-4
54	-2.24E-4
54.1	-2.63E-4
54.2	-2.39E-4
54.3	-2.18E-4
54.4	-3.09E-4
54.5	-2.18E-4
54.6	-3.07E-4
54.7	3.6E-5
54.8	-2.02E-4
54.9	-2.92E-4
55	-1.93E-4
55.1	-2.51E-4
55.2	-1.22E-4
55.3	-3.38E-4
55.4	-1.62E-4
55.5	-3.38E-4
55.6	-3.48E-4
55.7	-2.46E-4
55.8	-1.56E-4
55.9	-8.8E-5
56	-3.42E-4
56.1	-2.7E-4
56.2	-7.4E-5
56.3	-1.83E-4
56.4	-2.16E-4
56.5	-3.32E-4
56.6	-1.89E-4
56.7	-6.5E-5
56.8	2.6E-5
56.9	-1.19E-4
57	-1.51E-4
57.1	-2.1E-5
57.2	-1.68E-4
57.3	-9E-5
57.4	-1.44E-4
57.5	-1.61E-4
57.6	-2.66E-4
57.7	-9.9E-5
57.8	-2.37E-4
57.9	-1.83E-4
58	-1.25E-4
58.1	-1.27E-4
58.2	-1.28E-4
58.3	-1.97E-4
58.4	-1.58E-4
58.5	-1.23E-4
58.6	-1.97E-4
58.7	-2.37E-4
58.8	-1.31E-4
58.9	-1.52E-4
59	-1.57E-4
59.1	-1.66E-4
59.2	-9E-5
59.3	-7E-5
59.4	-9.4E-5
59.5	-3.6E-5
59.6	-2.13E-4
59.7	-1.57E-4
59.8	-6.4E-5
59.9	-1.21E-4
60	-8.9E-5
60.1	-2.76E-4
60.2	-1.32E-4
60.3	-1.92E-4
60.4	-4.5E-5
60.5	-1.93E-4
60.6	-1.29E-4
60.7	-6.8E-5
60.8	-8.2E-5
60.9	-1.3E-5
61	-1.91E-4
61.1	2.7E-5
61.2	7.3E-5
61.3	9E-6
61.4	2.18E-4
61.5	-1.08E-4
61.6	2.12E-4
61.7	7.5E-5
61.8	1.6E-4
61.9	1.26E-4
62	2.5E-4
62.1	2.85E-4
62.2	2.02E-4
62.3	2.29E-4
62.4	5.64E-4
62.5	6.2E-4
62.6	5.44E-4
62.7	6.09E-4
62.8	6.58E-4
62.9	7.05E-4
63	6.47E-4
63.1	3.64E-4
63.2	-1.04E-4
63.3	-6.07E-4
63.4	-0.0018
63.5	-0.00287
63.6	-0.00376
63.7	-0.00423
63.8	-0.00424
63.9	-0.00415
64	-0.00395
64.1	-0.00309
64.2	-0.00225
64.3	-0.00148
64.4	-6.24E-4
64.5	3.7E-5
64.6	4.44E-4
64.7	0.00104
64.8	0.0014
64.9	0.00167
65	0.00196
65.1	0.00197
65.2	0.00199
65.3	0.00201
65.4	0.00183
65.5	0.00156
65.6	0.00138
65.7	0.0011
65.8	0.00102
65.9	8.53E-4
66	4.14E-4
66.1	2.67E-4
66.2	2.42E-4
66.3	-4.8E-5
66.4	-2.6E-5
66.5	-2.02E-4
66.6	-2.01E-4
66.7	-2.18E-4
66.8	-3.41E-4
66.9	-3.51E-4
67	-1.93E-4
67.1	-3.05E-4
67.2	-2.76E-4
67.3	-4.25E-4
67.4	-4.07E-4
67.5	-3.71E-4
67.6	-2.26E-4
67.7	-3.48E-4
67.8	-2.92E-4
67.9	-3.71E-4
68	-3.45E-4
68.1	-2.58E-4
68.2	-1.53E-4
68.3	-3.43E-4
68.4	-2.95E-4
68.5	-4.05E-4
68.6	-4.3E-5
68.7	-1.59E-4
68.8	-2.6E-4
68.9	-1.46E-4
69	-1.32E-4
69.1	-3.67E-4
69.2	-1.6E-4
69.3	-2.6E-4
69.4	-3.82E-4
69.5	-1.47E-4
69.6	-1.67E-4
69.7	-2.2E-4
69.8	-2.84E-4
69.9	-1.86E-4
70	-2.08E-4
70.1	-2.59E-4
70.2	-2.45E-4
70.3	-2.59E-4
70.4	-1.55E-4
70.5	-2.73E-4
70.6	-2.68E-4
70.7	-2.74E-4
70.8	-2.14E-4
70.9	5.3E-5
71	-4.6E-4
71.1	-1.99E-4
71.2	-3.05E-4
71.3	-3.68E-4
71.4	-3.35E-4
71.5	-4.1E-4
71.6	-1.76E-4
71.7	-2.62E-4
71.8	-4.02E-4
71.9	-2.86E-4
72	-3.93E-4
72.1	-7.9E-5
72.2	-2.65E-4
72.3	-2.76E-4
72.4	-4.93E-4
72.5	-3.71E-4
72.6	-2.17E-4
72.7	-2.13E-4
72.8	-2.08E-4
72.9	-2.53E-4
73	-2.61E-4
73.1	-2.38E-4
73.2	-3E-4
73.3	-1.03E-4
73.4	-2.4E-4
73.5	-2.74E-4
73.6	-3.35E-4
73.7	2.2E-5
73.8	-2E-4
73.9	-1.76E-4
74	-3.23E-4
74.1	-2.23E-4
74.2	-1.42E-4
74.3	-1.42E-4
74.4	-2.31E-4
74.5	-2.79E-4
74.6	-3.51E-4
74.7	-1.26E-4
74.8	-1.26E-4
74.9	-5.4E-5
75	-1.12E-4
75.1	-1.76E-4
75.2	-2.43E-4
75.3	-6.6E-5
75.4	-4.1E-5
75.5	9E-6
75.6	-2.34E-4
75.7	-2.32E-4
75.8	-1.63E-4
75.9	-1.12E-4
76	-7.6E-5
76.1	6.3E-5
76.2	-1.84E-4
76.3	2.6E-5
76.4	1.15E-4
76.5	-2.15E-4
76.6	-7.9E-5
76.7	4.5E-5
76.8	-7.7E-5
76.9	7.4E-5
77	1.48E-4
77.1	-6E-6
77.2	-2.4E-5
77.3	-1.29E-4
77.4	-1.28E-4
77.5	-4.38E-4
77.6	-2.86E-4
77.7	-5.39E-4
77.8	-7.27E-4
77.9	-8.22E-4
78	-7.65E-4
78.1	-5.97E-4
78.2	-3.33E-4
78.3	-4.01E-4
78.4	-3.98E-4
78.5	-1.42E-4
78.6	2.4E-5
78.7	-6.3E-5
78.8	8.2E-5
78.9	-3E-5
79	3E-5
79.1	1.82E-4
79.2	3.31E-4
79.3	1.78E-4
79.4	2.98E-4
79.5	9.8E-5
79.6	2.27E-4
79.7	1.57E-4
79.8	1.94E-4
79.9	1.21E-4
80	1.13E-4
80.1	-6E-6
80.2	-9E-6
80.3	4.8E-5
80.4	-1.54E-4
80.5	-1.69E-4
80.6	-9E-5
80.7	-1.82E-4
80.8	6.3E-5
80.9	-2.48E-4
81	-1.94E-4
81.1	-1.96E-4
81.2	-3.21E-4
81.3	2.6E-5
81.4	-7E-5
81.5	-8.7E-5
81.6	-2.38E-4
81.7	-7.8E-5
81.8	-1.6E-4
81.9	-2.38E-4
82	-1.45E-4
82.1	-6.4E-5
82.2	-1.37E-4
82.3	-8.2E-5
82.4	-2.67E-4
82.5	-8.8E-5
82.6	-2.55E-4
82.7	-2.29E-4
82.8	-3.69E-4
82.9	-2.38E-4
83	-4.63E-4
83.1	-2.62E-4
83.2	-2.14E-4
83.3	-1.68E-4
83.4	-9.9E-5
83.5	-3.1E-4
83.6	-8.6E-5
83.7	-2.15E-4
83.8	-2.55E-4
83.9	-1.99E-4
84	-2.51E-4
84.1	-4.33E-4
84.2	-2.5E-4
84.3	-1.15E-4
84.4	-1.41E-4
84.5	-1.39E-4
84.6	-1.82E-4
84.7	-2.85E-4
84.8	-1.9E-5
84.9	-1.9E-4
85	-1.3E-4
85.1	-3.28E-4
85.2	-2.76E-4
85.3	-1.49E-4
85.4	-2.34E-4
85.5	4.8E-5
85.6	-2.73E-4
85.7	-4.42E-4
85.8	-2.2E-4
85.9	-1.33E-4
86	-9.2E-5
86.1	-1.89E-4
86.2	-1.9E-4
86.3	-3.7E-4
86.4	-1.63E-4
86.5	-1.11E-4
86.6	-1.56E-4
86.7	-2.5E-4
86.8	-2.25E-4
86.9	-1.9E-4
87	-8.5E-5
87.1	-6.8E-5
87.2	-1.69E-4
87.3	-6.8E-5
87.4	-1.6E-4
87.5	-2.78E-4
87.6	-7.7E-5
87.7	-1.29E-4
87.8	-8.5E-5
87.9	-2.79E-4
88	-1.36E-4
88.1	-1.95E-4
88.2	-1.13E-4
88.3	1.13E-4
88.4	-1.32E-4
88.5	-1.66E-4
88.6	-4.1E-5
88.7	-4.9E-5
88.8	-2.4E-5
88.9	-2.1E-5
89	-3E-5
89.1	-1.4E-5
89.2	-1.02E-4
89.3	4.6E-5
89.4	-1.66E-4
89.5	-1.6E-5
89.6	-1.19E-4
89.7	1.43E-4
89.8	-7.8E-5
89.9	-2.8E-5
90	-9.6E-5
90.1	-7.3E-5
90.2	-1.16E-4
90.3	-6E-6
90.4	-2.4E-5
90.5	-6.1E-5
90.6	-1.1E-4
90.7	-1.62E-4
90.8	-9.3E-5
90.9	8.6E-5
91	6E-6
91.1	-1.31E-4
91.2	-1.19E-4
91.3	-1.92E-4
91.4	-1.9E-4
91.5	-1.97E-4
91.6	-2.14E-4
91.7	-1.92E-4
91.8	-2E-4
91.9	-2.6E-4
92	-1.68E-4
92.1	-1.86E-4
92.2	-1.95E-4
92.3	-2.25E-4
92.4	-1.01E-4
92.5	1.8E-5
92.6	-3.22E-4
92.7	-7.8E-5
92.8	-1.38E-4
92.9	-3E-4
93	-2.01E-4
93.1	-1.28E-4
93.2	-6.8E-5
93.3	-1.22E-4
93.4	-2.06E-4
93.5	-1.69E-4
93.6	-1.8E-4
93.7	-3.1E-5
93.8	-1.26E-4
93.9	-2.49E-4
94	-6.5E-5
94.1	-1.51E-4
94.2	-2.14E-4
94.3	-3E-6
94.4	2.8E-5
94.5	-5.8E-5
94.6	-1.93E-4
94.7	-1.02E-4
94.8	-2.52E-4
94.9	-1.6E-4
95	-1.19E-4
95.1	-2.02E-4
95.2	-1.31E-4
95.3	-2.05E-4
95.4	-1.78E-4
95.5	-2.4E-5
95.6	-2.43E-4
95.7	-1.66E-4
95.8	-2.34E-4
95.9	-2.2E-4
96	-1.31E-4
96.1	-3.54E-4
96.2	-1.78E-4
96.3	1.02E-4
96.4	-2.53E-4
96.5	-1.98E-4
96.6	-1.51E-4
96.7	-1.73E-4
96.8	-3.64E-4
96.9	-8.7E-5
97	3.5E-5
97.1	1.41E-4
97.2	-1.79E-4
97.3	-1.97E-4
97.4	-1.23E-4
97.5	-1.14E-4
97.6	-6.7E-5
97.7	-2.2E-5
97.8	-2.36E-4
97.9	-1.6E-4
98	-1.61E-4
98.1	-2.5E-4
98.2	-2.92E-4
98.3	-2.33E-4
98.4	-3.36E-4
98.5	-2.53E-4
98.6	-3.49E-4
98.7	-5.36E-4
98.8	-3.4E-4
98.9	-4.73E-4
99	-4.68E-4
99.1	-6.23E-4
99.2	-5.88E-4
99.3	-4.15E-4
99.4	-5.09E-4
99.5	-5.26E-4
99.6	-4.88E-4
99.7	-5.13E-4
99.8	-6.13E-4
99.9	-4.3E-4
100	-4.9E-4
100.1	-3.63E-4
100.2	-3.8E-4
100.3	-5.54E-4
100.4	-4.09E-4
100.5	-3.54E-4
100.6	-1.61E-4
100.7	-2.67E-4
100.8	-2.33E-4
100.9	-2.91E-4
101	-2.18E-4
101.1	1.09E-4
101.2	-2.08E-4
101.3	-2.56E-4
101.4	-2.55E-4
101.5	-1.94E-4
101.6	-2.66E-4
101.7	-9.6E-5
101.8	-1.33E-4
101.9	-1.33E-4
102	-1.47E-4
102.1	-2.07E-4
102.2	-2.93E-4
102.3	-4.6E-5
102.4	-5.2E-5
102.5	-5.2E-5
102.6	-2.26E-4
102.7	-5.2E-5
102.8	-6.3E-5
102.9	-9.5E-5
103	-1.45E-4
103.1	-7.9E-5
103.2	3E-6
103.3	-1.07E-4
103.4	-2.56E-4
103.5	-7.2E-5
103.6	-2E-6
103.7	-2.01E-4
103.8	-9E-5
103.9	-2.5E-4
104	-1.07E-4
104.1	-1.12E-4
104.2	-3.04E-4
104.3	-9.1E-5
104.4	-2.25E-4
104.5	-1.79E-4
104.6	-2.08E-4
104.7	-3.6E-5
104.8	-2.8E-4
104.9	-1.59E-4
105	4.3E-5
105.1	-1.81E-4
105.2	-3.1E-4
105.3	-2.66E-4
105.4	-2.98E-4
105.5	-1.25E-4
105.6	-1.05E-4
105.7	-2.32E-4
105.8	-1.74E-4
105.9	-2.09E-4
106	-3.21E-4
106.1	-3.11E-4
106.2	-5.17E-4
106.3	-1.97E-4
106.4	-2.83E-4
106.5	-3.31E-4
106.6	-2.23E-4
106.7	-2.71E-4
106.8	-1.6E-4
106.9	-1.21E-4
107	-2.89E-4
107.1	-2.72E-4
107.2	-1.28E-4
107.3	-1.76E-4
107.4	-1.4E-4
107.5	-3.1E-4
107.6	-1.57E-4
107.7	-2.21E-4
107.8	-7.1E-5
107.9	-7.6E-5
108	-2.55E-4
108.1	-8E-5
108.2	-2.98E-4
108.3	-3E-6
108.4	-2.06E-4
108.5	8.5E-5
108.6	-1.57E-4
108.7	-2.61E-4
108.8	-2.32E-4
108.9	-8.6E-5
109	-1.31E-4
109.1	-4.5E-5
109.2	-4.7E-5
109.3	-1.13E-4
109.4	-7.4E-5
109.5	-3E-6
109.6	-2.55E-4
109.7	-2.56E-4
109.8	-1.51E-4
109.9	-7.2E-5
110	-1.41E-4
110.1	-1.2E-4
110.2	-1.11E-4
110.3	-1.56E-4
110.4	-1.99E-4
110.5	-1.44E-4
110.6	-2.13E-4
110.7	-4.5E-5
110.8	-1.62E-4
110.9	-3.01E-4
111	-3.25E-4
111.1	-6E-5
111.2	-1.75E-4
111.3	-2.1E-4
111.4	-2.09E-4
111.5	-3.02E-4
111.6	-2.11E-4
111.7	-2.95E-4
111.8	-1.98E-4
111.9	-2.62E-4
112	-2.6E-4
112.1	-4.22E-4
112.2	-4.69E-4
112.3	-3.47E-4
112.4	-3.8E-4
112.5	-2.16E-4
112.6	-3.73E-4
112.7	-4.84E-4
112.8	-3.92E-4
112.9	-3.68E-4
113	-3.07E-4
113.1	-4.21E-4
113.2	-5.07E-4
113.3	-5.95E-4
113.4	-3.14E-4
113.5	-3.49E-4
113.6	-3.71E-4
113.7	-4.13E-4
113.8	-4.8E-4
113.9	-4.07E-4
114	-3.82E-4
114.1	-1.2E-4
114.2	-3.82E-4
114.3	-2.04E-4
114.4	-3.53E-4
114.5	-4.61E-4
114.6	-2.68E-4
114.7	-1.06E-4
114.8	-3.93E-4
114.9	-3.47E-4
115	-2.38E-4
115.1	-1.11E-4
115.2	-2.25E-4
115.3	-3.02E-4
115.4	-2.14E-4
115.5	-2.5E-4
115.6	-1.41E-4
115.7	-1.14E-4
115.8	-4.22E-4
115.9	-2.71E-4
116	-2.31E-4
116.1	-4.48E-4
116.2	-2.86E-4
116.3	-1.79E-4
116.4	-3.04E-4
116.5	-1.92E-4
116.6	-2.29E-4
116.7	-2.2E-4
116.8	-1.13E-4
116.9	-1.74E-4
117	-3.1E-4
117.1	-3.36E-4
117.2	-2.83E-4
117.3	-1.62E-4
117.4	-1.85E-4
117.5	-3.04E-4
117.6	-2.51E-4
117.7	-4.3E-4
117.8	-4.2E-5
117.9	-1.54E-4
118	-1.78E-4
118.1	-2.99E-4
118.2	-1.87E-4
118.3	-3.11E-4
118.4	-3.48E-4
118.5	-1.26E-4
118.6	-3.25E-4
118.7	-1.11E-4
118.8	-4.65E-4
118.9	-3.91E-4
119	-1.97E-4
119.1	-2.13E-4
119.2	-1.25E-4
119.3	-4.47E-4
119.4	-4.17E-4
119.5	-4.27E-4
119.6	-3.94E-4
119.7	-2.48E-4
119.8	-4.41E-4
119.9	-3.15E-4
120	-3.53E-4
120.1	-2.36E-4
120.2	-1.99E-4
120.3	-2.49E-4
120.4	-2.61E-4
120.5	-4.49E-4
120.6	-3.46E-4
120.7	-2.84E-4
120.8	-3.03E-4
120.9	-1.96E-4
121	-4.86E-4
121.1	-4.07E-4
121.2	-2.07E-4
121.3	-2.08E-4
121.4	-3.35E-4
121.5	-4.3E-4
121.6	-4.19E-4
121.7	-4.15E-4
121.8	-4.37E-4
121.9	-5.9E-4
122	-4.44E-4
122.1	-5.45E-4
122.2	-5.71E-4
122.3	-5.53E-4
122.4	-5.32E-4
122.5	-4.57E-4
122.6	-3.81E-4
122.7	-5.45E-4
122.8	-4.94E-4
122.9	-4.91E-4
123	-4.48E-4
123.1	-2.31E-4
123.2	-6.02E-4
123.3	-3.63E-4
123.4	-4.28E-4
123.5	-2.82E-4
123.6	-3.54E-4
123.7	-5.1E-4
123.8	-4.61E-4
123.9	-4.65E-4
124	-4.26E-4
124.1	-5.16E-4
124.2	-3.8E-4
124.3	-4.89E-4
124.4	-5.03E-4
124.5	-4.68E-4
124.6	-5.39E-4
124.7	-4.28E-4
124.8	-3.38E-4
124.9	-3.75E-4
125	-5.54E-4
125.1	-2.84E-4
125.2	-4.21E-4
125.3	-3.65E-4
125.4	-4.07E-4
125.5	-4.46E-4
125.6	-2.8E-4
125.7	-4.19E-4
125.8	-4.17E-4
125.9	-2.88E-4
126	-3.66E-4
126.1	-4.44E-4
126.2	-3.17E-4
126.3	-4.99E-4
126.4	-3.84E-4
126.5	-4.04E-4
126.6	-4.5E-4
126.7	-3.6E-4
126.8	-4.13E-4
126.9	-4.9E-4
127	-3.34E-4
127.1	-4.36E-4
127.2	-3.83E-4
127.3	-5.49E-4
127.4	-4.38E-4
127.5	-3.02E-4
127.6	-4.18E-4
127.7	-4.21E-4
127.8	-4.37E-4
127.9	-3.51E-4
128	-3.88E-4
128.1	-3.98E-4
128.2	-2.81E-4
128.3	-2.34E-4
128.4	-1.79E-4
128.5	-2.89E-4
128.6	-2.9E-4
128.7	-3.33E-4
128.8	-3.29E-4
128.9	-3.9E-4
129	-3.87E-4
129.1	-5.67E-4
129.2	-2.57E-4
129.3	-2.82E-4
129.4	-5.45E-4
129.5	-4.62E-4
129.6	-3.79E-4
129.7	-3.18E-4
129.8	-3.86E-4
129.9	-4.28E-4
130	-2.52E-4
130.1	-2.5E-4
130.2	-3.42E-4
130.3	-4.76E-4
130.4	-4.91E-4
130.5	-5.78E-4
130.6	-6.3E-4
130.7	-5.42E-4
130.8	-5.35E-4
130.9	-4.59E-4
131	-4.84E-4
131.1	-4.73E-4
131.2	-5.95E-4
131.3	-5.58E-4
131.4	-4.13E-4
131.5	-5.34E-4
131.6	-4.89E-4
131.7	-6.01E-4
131.8	-3.95E-4
131.9	-2.98E-4
132	-5.15E-4
132.1	-4.99E-4
132.2	-4.74E-4
132.3	-3.66E-4
132.4	-4.33E-4
132.5	-4.87E-4
132.6	-4.46E-4
132.7	-3.99E-4
132.8	-4.83E-4
132.9	-3.57E-4
133	-5.28E-4
133.1	-5.03E-4
133.2	-6.09E-4
133.3	-6.02E-4
133.4	-5.46E-4
133.5	-5.38E-4
133.6	-4.48E-4
133.7	-6.66E-4
133.8	-6.63E-4
133.9	-6.25E-4
134	-6.1E-4
134.1	-6.57E-4
134.2	-5.37E-4
134.3	-8.81E-4
134.4	-9.24E-4
134.5	-9.19E-4
134.6	-9.15E-4
134.7	-9.98E-4
134.8	-0.00105
134.9	-8.94E-4
135	-0.00116
135.1	-0.00107
135.2	-0.00127
135.3	-0.00116
135.4	-0.00125
135.5	-0.00146
135.6	-0.00134
135.7	-0.00152
135.8	-0.00152
135.9	-0.0017
136	-0.00174
136.1	-0.00164
136.2	-0.00159
136.3	-0.00162
136.4	-0.00158
136.5	-0.00169
136.6	-0.00175
136.7	-0.00178
136.8	-0.0017
136.9	-0.00164
137	-0.00145
137.1	-0.00134
137.2	-0.00114
137.3	-8.67E-4
137.4	-6.26E-4
137.5	-1.97E-4
137.6	4.15E-4
137.7	8.95E-4
137.8	0.00145
137.9	0.00218
138	0.00313
138.1	0.00422
138.2	0.00549
138.3	0.00702
138.4	0.00877
138.5	0.01055
138.6	0.01272
138.7	0.01492
138.8	0.01747
138.9	0.02028
139	0.02291
139.1	0.02612
139.2	0.02944
139.3	0.03256
139.4	0.03617
139.5	0.03967
139.6	0.0433
139.7	0.04696
139.8	0.05018
139.9	0.05365
140	0.05673
140.1	0.05959
140.2	0.06189
140.3	0.06399
140.4	0.0653
140.5	0.06623
140.6	0.06651
140.7	0.06589
140.8	0.06522
140.9	0.06309
141	0.06076
141.1	0.05738
141.2	0.05305
141.3	0.04794
141.4	0.04118
141.5	0.03229
141.6	0.01993
141.7	0.00165
141.8	-0.027
141.9	-0.07018
142	-0.13067
142.1	-0.20719
142.2	-0.29152
142.3	-0.37146
142.4	-0.43372
142.5	-0.46569
142.6	-0.46153
142.7	-0.42274
142.8	-0.35821
142.9	-0.27694
143	-0.18829
143.1	-0.09953
143.2	-0.01476
143.3	0.0629
143.4	0.12996
143.5	0.18443
143.6	0.22625
143.7	0.25536
143.8	0.27297
143.9	0.27951
144	0.2761
144.1	0.26383
144.2	0.2445
144.3	0.21964
144.4	0.19129
144.5	0.16219
144.6	0.13385
144.7	0.10786
144.8	0.08388
144.9	0.0628
145	0.04465
145.1	0.02881
145.2	0.01539
145.3	0.00433
145.4	-0.00498
145.5	-0.0121
145.6	-0.01749
145.7	-0.0214
145.8	-0.02405
145.9	-0.02575
146	-0.02688
146.1	-0.02745
146.2	-0.0277
146.3	-0.02691
146.4	-0.0256
146.5	-0.024
146.6	-0.02311
146.7	-0.02348
146.8	-0.02519
146.9	-0.02723
147	-0.0288
147.1	-0.0291
147.2	-0.02756
147.3	-0.02369
147.4	-0.01864
147.5	-0.01253
147.6	-0.00628
147.7	-4.56E-4
147.8	0.00438
147.9	0.00844
148	0.01161
148.1	0.0137
148.2	0.01535
148.3	0.01629
148.4	0.01701
148.5	0.01714
148.6	0.01684
148.7	0.01625
148.8	0.0152
148.9	0.01329
149	0.01067
149.1	0.00731
149.2	0.00379
149.3	7.26E-4
149.4	-0.00157
149.5	-0.00314
149.6	-0.00387
149.7	-0.00377
149.8	-0.00382
149.9	-0.00375
150	-0.0037
150.1	-0.00392
150.2	-0.00444
150.3	-0.00518
150.4	-0.00606
150.5	-0.00752
150.6	-0.00899
150.7	-0.01044
150.8	-0.01208
150.9	-0.01369
151	-0.01546
151.1	-0.01717
151.2	-0.01864
151.3	-0.01983
151.4	-0.02024
151.5	-0.02021
151.6	-0.01937
151.7	-0.018
151.8	-0.01641
151.9	-0.01485
152	-0.01314
152.1	-0.01149
152.2	-0.00979
152.3	-0.00826
152.4	-0.00674
152.5	-0.00536
152.6	-0.00411
152.7	-0.00281
152.8	-0.00163
152.9	-5.61E-4
153	5.93E-4
153.1	0.00175
153.2	0.00277
153.3	0.00338
153.4	0.00408
153.5	0.00443
153.6	0.00474
153.7	0.00483
153.8	0.00488
153.9	0.00515
154	0.00503
154.1	0.00565
154.2	0.00634
154.3	0.00722
154.4	0.008
154.5	0.0086
154.6	0.00872
154.7	0.00877
154.8	0.00872
154.9	0.00898
155	0.00925
155.1	0.00928
155.2	0.0089
155.3	0.00828
155.4	0.00724
155.5	0.0058
155.6	0.00388
155.7	0.00143
155.8	-0.00141
155.9	-0.00524
156	-0.01095
156.1	-0.01821
156.2	-0.02766
156.3	-0.03817
156.4	-0.04844
156.5	-0.05676
156.6	-0.06088
156.7	-0.06006
156.8	-0.05451
156.9	-0.04514
157	-0.03412
157.1	-0.02243
157.2	-0.01132
157.3	-0.00132
157.4	0.00781
157.5	0.01588
157.6	0.02238
157.7	0.02772
157.8	0.03153
157.9	0.0343
158	0.03535
158.1	0.03531
158.2	0.03358
158.3	0.03116
158.4	0.02844
158.5	0.02592
158.6	0.02322
158.7	0.02037
158.8	0.01744
158.9	0.01414
159	0.01093
159.1	0.00798
159.2	0.00527
159.3	0.00354
159.4	0.00228
159.5	0.00168
159.6	0.00135
159.7	8.95E-4
159.8	8.48E-4
159.9	6.08E-4
160	3.5E-4
160.1	2.58E-4
160.2	2.87E-4
160.3	9.92E-4
160.4	0.00168
160.5	0.00252
160.6	0.00278
160.7	0.00274
160.8	0.00235
160.9	0.00168
161	9.53E-4
161.1	8.3E-5
161.2	-2.46E-4
161.3	-2.61E-4
161.4	4.5E-5
161.5	4.91E-4
161.6	9.78E-4
161.7	0.00137
161.8	0.00172
161.9	0.00211
162	0.00304
162.1	0.0038
162.2	0.00476
162.3	0.00518
162.4	0.00531
162.5	0.0047
162.6	0.00408
162.7	0.00339
162.8	0.00237
162.9	0.00152
163	5.51E-4
163.1	-5.01E-4
163.2	-0.00143
163.3	-0.00229
163.4	-0.00319
163.5	-0.00379
163.6	-0.00422
163.7	-0.00481
163.8	-0.0052
163.9	-0.00566
164	-0.00605
164.1	-0.00629
164.2	-0.00697
164.3	-0.0076
164.4	-0.00835
164.5	-0.00857
164.6	-0.00929
164.7	-0.0098
164.8	-0.01006
164.9	-0.01028
165	-0.01047
165.1	-0.01062
165.2	-0.01074
165.3	-0.01103
165.4	-0.01108
165.5	-0.01122
165.6	-0.01097
165.7	-0.01068
165.8	-0.01021
165.9	-0.00972
166	-0.00933
166.1	-0.00886
166.2	-0.00808
166.3	-0.00699
166.4	-0.00581
166.5	-0.00437
166.6	-0.00316
166.7	-0.0016
166.8	-1.57E-4
166.9	0.00139
167	0.00305
167.1	0.0046
167.2	0.00636
167.3	0.00761
167.4	0.00927
167.5	0.01051
167.6	0.0115
167.7	0.0123
167.8	0.01284
167.9	0.01304
168	0.013
168.1	0.01315
168.2	0.01266
168.3	0.01201
168.4	0.01156
168.5	0.01094
168.6	0.01028
168.7	0.00982
168.8	0.00911
168.9	0.00801
169	0.00711
169.1	0.00618
169.2	0.00513
169.3	0.00388
169.4	0.00301
169.5	0.0018
169.6	7.58E-4
169.7	-3.59E-4
169.8	-0.00135
169.9	-0.0025
170	-0.0038
170.1	-0.00509
170.2	-0.00643
170.3	-0.00786
170.4	-0.00934
170.5	-0.01047
170.6	-0.01151
170.7	-0.01164
170.8	-0.01159
170.9	-0.01064
171	-0.00933
171.1	-0.00783
171.2	-0.00601
171.3	-0.00407
171.4	-0.00219
171.5	-4.72E-4
171.6	6.51E-4
171.7	0.00147
171.8	0.00196
171.9	0.00222
172	0.00207
172.1	0.00208
172.2	0.00205
172.3	0.00198
172.4	0.00228
172.5	0.00235
172.6	0.00233
172.7	0.00236
172.8	0.00232
172.9	0.00199
173	0.00177
173.1	0.00159
173.2	0.00112
173.3	6.85E-4
173.4	4.33E-4
173.5	-9E-5
173.6	-5.47E-4
173.7	-0.00133
173.8	-0.00196
173.9	-0.00232
174	-0.00234
174.1	-0.00218
174.2	-0.00215
174.3	-0.00179
174.4	-0.00146
174.5	-0.00103
174.6	-7.66E-4
174.7	-5.6E-4
174.8	-2.3E-5
174.9	4.09E-4
175	8.02E-4
175.1	0.00144
175.2	0.00156
175.3	0.00185
175.4	0.00247
175.5	0.0028
175.6	0.00354
175.7	0.00411
175.8	0.00492
175.9	0.00555
176	0.00638
176.1	0.00677
176.2	0.00735
176.3	0.00749
176.4	0.00757
176.5	0.00729
176.6	0.00713
176.7	0.00657
176.8	0.0062
176.9	0.00552
177	0.00507
177.1	0.00415
177.2	0.00314
177.3	0.00217
177.4	0.00112
177.5	-1.97E-4
177.6	-0.00102
177.7	-0.00182
177.8	-0.00261
177.9	-0.00337
178	-0.00387
178.1	-0.00435
178.2	-0.00465
178.3	-0.00486
178.4	-0.00481
178.5	-0.00467
178.6	-0.00436
178.7	-0.00448
178.8	-0.00435
178.9	-0.00451
179	-0.00444
179.1	-0.00443
179.2	-0.00437
179.3	-0.0044
179.4	-0.00409
179.5	-0.00359
179.6	-0.00325
179.7	-0.00285
179.8	-0.00238
179.9	-0.00218
180	-0.002
180.1	-0.00214
180.2	-0.00228
180.3	-0.0022
180.4	-0.00238
180.5	-0.00215
180.6	-0.00228
180.7	-0.00222
180.8	-0.00242
180.9	-0.00264
181	-0.00257
181.1	-0.00262
181.2	-0.00245
181.3	-0.0024
181.4	-0.00208
181.5	-0.00169
181.6	-0.00112
181.7	-9.79E-4
181.8	-3.26E-4
181.9	-2.5E-5
182	5.98E-4
182.1	9.09E-4
182.2	0.00117
182.3	0.00111
182.4	0.00115
182.5	0.00104
182.6	0.00114
182.7	9.25E-4
182.8	6.77E-4
182.9	5.17E-4
183	1.68E-4
183.1	-9.9E-5
183.2	-2.77E-4
183.3	-1.9E-5
183.4	-2.33E-4
183.5	1.45E-4
183.6	2.09E-4
183.7	1.78E-4
183.8	-1.3E-5
183.9	-3.72E-4
184	-7.77E-4
184.1	-0.00123
184.2	-0.00141
184.3	-0.0019
184.4	-0.00189
184.5	-0.0022
184.6	-0.00244
184.7	-0.00274
184.8	-0.00273
184.9	-0.00257
185	-0.00222
185.1	-0.00177
185.2	-0.00127
185.3	-8.96E-4
185.4	-1.19E-4
185.5	1.31E-4
185.6	2.18E-4
185.7	4.21E-4
185.8	3.95E-4
185.9	5.66E-4
186	4.34E-4
186.1	5.34E-4
186.2	8.47E-4
186.3	8.55E-4
186.4	6.61E-4
186.5	5.14E-4
186.6	2.07E-4
186.7	3.04E-4
186.8	8.32E-4
186.9	0.00107
187	0.00141
187.1	0.00219
187.2	0.00245
187.3	0.00267
187.4	0.00269
187.5	0.00255
187.6	0.00242
187.7	0.00261
187.8	0.00267
187.9	0.00241
188	0.00249
188.1	0.00208
188.2	0.00165
188.3	0.00148
188.4	0.0011
188.5	0.00125
188.6	0.00124
188.7	0.00182
188.8	0.00192
188.9	0.00247
189	0.00255
189.1	0.00249
189.2	0.00225
189.3	0.00173
189.4	0.00131
189.5	9.9E-4
189.6	6.84E-4
189.7	1.5E-4
189.8	-1.26E-4
189.9	-5.95E-4
190	-0.00114
190.1	-0.00166
190.2	-0.00198
190.3	-0.00175
190.4	-0.00175
190.5	-0.00184
190.6	-0.00173
190.7	-0.0016
190.8	-0.0016
190.9	-0.00154
191	-0.00187
191.1	-0.00219
191.2	-0.00231
191.3	-0.00256
191.4	-0.00284
191.5	-0.00306
191.6	-0.00322
191.7	-0.00323
191.8	-0.00337
191.9	-0.00331
192	-0.00297
192.1	-0.00242
192.2	-0.00186
192.3	-7.4E-4
192.4	7.9E-5
192.5	0.00111
192.6	0.00207
192.7	0.00269
192.8	0.00328
192.9	0.00352
193	0.00348
193.1	0.00335
193.2	0.00292
193.3	0.00273
193.4	0.00201
193.5	0.00157
193.6	0.00131
193.7	4.5E-4
193.8	1.56E-4
193.9	-2.61E-4
194	-5.58E-4
194.1	-7.73E-4
194.2	-8.98E-4
194.3	-9.31E-4
194.4	-9.92E-4
194.5	-0.00124
194.6	-0.00149
194.7	-0.00172
194.8	-0.00193
194.9	-0.00177
195	-0.00177
195.1	-0.00168
195.2	-0.00106
195.3	-6.66E-4
195.4	-4.1E-4
195.5	2.55E-4
195.6	5.19E-4
195.7	0.00108
195.8	0.00172
195.9	0.00215
196	0.0029
196.1	0.0035
196.2	0.00447
196.3	0.00482
196.4	0.0053
196.5	0.00541
196.6	0.00547
196.7	0.00549
196.8	0.00559
196.9	0.00504
197	0.00442
197.1	0.00334
197.2	0.002
197.3	3.63E-4
197.4	-0.00157
197.5	-0.00315
197.6	-0.00439
197.7	-0.00526
197.8	-0.00575
197.9	-0.00604
198	-0.00587
198.1	-0.0057
198.2	-0.00544
198.3	-0.00517
198.4	-0.005
198.5	-0.00435
198.6	-0.0041
198.7	-0.00338
198.8	-0.00283
198.9	-0.0021
199	-0.00174
199.1	-0.00103
199.2	-6.42E-4
199.3	-4.9E-4
199.4	-4.07E-4
199.5	-7.7E-5
199.6	1.51E-4
199.7	4.2E-5
199.8	4.8E-5
199.9	1.93E-4
200	-1.58E-4
200.1	-4.25E-4
200.2	-4.33E-4
200.3	-7.67E-4
200.4	-5.93E-4
200.5	-6.62E-4
200.6	-5.74E-4
200.7	-5.43E-4
200.8	-4.62E-4
200.9	-2.44E-4
201	-1.41E-4
201.1	-9E-6
201.2	-5.3E-5
201.3	1E-4
201.4	7.5E-5
201.5	2.46E-4
201.6	4.12E-4
201.7	6.09E-4
201.8	6.35E-4
201.9	4.61E-4
202	3.82E-4
202.1	1.78E-4
202.2	-3.8E-5
202.3	-1.4E-5
202.4	4.12E-4
202.5	4.4E-4
202.6	5.81E-4
202.7	9.4E-4
202.8	8.46E-4
202.9	8.48E-4
203	0.00109
203.1	0.00141
203.2	0.00174
203.3	0.00213
203.4	0.00232
203.5	0.00228
203.6	0.0021
203.7	0.00199
203.8	0.0014
203.9	9.82E-4
204	4.85E-4
204.1	2.89E-4
204.2	-7E-5
204.3	-2.77E-4
204.4	-7.21E-4
204.5	-9.61E-4
204.6	-9.82E-4
204.7	-0.00126
204.8	-0.00147
204.9	-0.0014
205	-0.0012
205.1	-0.00104
205.2	-0.00108
205.3	-0.00117
205.4	-0.00116
205.5	-0.00174
205.6	-0.00201
205.7	-0.00219
205.8	-0.00244
205.9	-0.00245
206	-0.00233
206.1	-0.00226
206.2	-0.00231
206.3	-0.00225
206.4	-0.00216
206.5	-0.00208
206.6	-0.00182
206.7	-0.00146
206.8	-8.52E-4
206.9	-3.6E-4
207	-8.6E-5
207.1	4.19E-4
207.2	6.09E-4
207.3	8.98E-4
207.4	8.16E-4
207.5	9.82E-4
207.6	9.08E-4
207.7	0.00117
207.8	0.00112
207.9	0.00122
208	0.00116
208.1	0.00128
208.2	0.00145
208.3	0.00148
208.4	0.00165
208.5	0.00208
208.6	0.00216
208.7	0.00258
208.8	0.00301
208.9	0.0031
209	0.00319
209.1	0.00329
209.2	0.00304
209.3	0.00306
209.4	0.00305
209.5	0.00288
209.6	0.00282
209.7	0.00236
209.8	0.0024
209.9	0.00218
210	0.00195
210.1	0.00178
210.2	0.00165
210.3	0.00128
210.4	9.35E-4
210.5	6.6E-4
210.6	2.51E-4
210.7	-3.21E-4
210.8	-8.04E-4
210.9	-0.00115
211	-0.0015
211.1	-0.00176
211.2	-0.00222
211.3	-0.00249
211.4	-0.00239
211.5	-0.0025
211.6	-0.00247
211.7	-0.00244
211.8	-0.00213
211.9	-0.00193
212	-0.00161
212.1	-0.00134
212.2	-9.64E-4
212.3	-6.92E-4
212.4	-4.65E-4
212.5	-3.52E-4
212.6	-1.14E-4
212.7	1.57E-4
212.8	9.3E-5
212.9	7.7E-5
213	-3.56E-4
213.1	-2.27E-4
213.2	-5.56E-4
213.3	-4.79E-4
213.4	-6.93E-4
213.5	-6.51E-4
213.6	-6.32E-4
213.7	-7.93E-4
213.8	-6.97E-4
213.9	-6.76E-4
214	-7.24E-4
214.1	-5.87E-4
214.2	-6.71E-4
214.3	-5.64E-4
214.4	-6.41E-4
214.5	-7.14E-4
214.6	-9.28E-4
214.7	-9.83E-4
214.8	-0.00126
214.9	-0.00145
215	-0.00144
215.1	-0.00143
215.2	-0.00131
215.3	-0.00124
215.4	-0.00129
215.5	-0.00131
215.6	-0.00148
215.7	-0.0016
215.8	-0.00162
215.9	-0.00152
216	-0.00173
216.1	-0.00173
216.2	-0.00159
216.3	-0.00159
216.4	-0.00181
216.5	-0.00206
216.6	-0.00216
216.7	-0.0023
216.8	-0.00217
216.9	-0.00221
217	-0.00201
217.1	-0.00176
217.2	-0.00149
217.3	-0.00106
217.4	-6.3E-4
217.5	-2.05E-4
217.6	8.6E-5
217.7	6.94E-4
217.8	0.00112
217.9	0.00158
218	0.00212
218.1	0.00226
218.2	0.00225
218.3	0.00211
218.4	0.00196
218.5	0.00145
218.6	0.0014
218.7	0.00143
218.8	0.00144
218.9	0.00137
219	0.0019
219.1	0.00219
219.2	0.00275
219.3	0.00338
219.4	0.00399
219.5	0.00429
219.6	0.00475
219.7	0.0047
219.8	0.00485
219.9	0.00422
220	0.00382
220.1	0.00316
220.2	0.00247
220.3	0.00186
220.4	0.00136
220.5	8.77E-4
220.6	5.13E-4
220.7	1.49E-4
220.8	-3.18E-4
220.9	-4.42E-4
221	-7.07E-4
221.1	-9.65E-4
221.2	-0.00106
221.3	-0.00184
221.4	-0.00285
221.5	-0.00442
221.6	-0.00632
221.7	-0.00854
221.8	-0.01038
221.9	-0.01185
222	-0.01244
222.1	-0.01155
222.2	-0.00935
222.3	-0.0063
222.4	-0.00345
222.5	-6.86E-4
222.6	0.00165
222.7	0.0033
222.8	0.00435
222.9	0.00486
223	0.00507
223.1	0.00491
223.2	0.00458
223.3	0.00407
223.4	0.0038
223.5	0.00338
223.6	0.00299
223.7	0.00266
223.8	0.00229
223.9	0.00214
224	0.00196
224.1	0.00177
224.2	0.00147
224.3	0.00127
224.4	0.00122
224.5	8.97E-4
224.6	7.44E-4
224.7	1.27E-4
224.8	-3.2E-5
224.9	-3.48E-4
225	-7.22E-4
225.1	-7.91E-4
225.2	-0.00108
225.3	-0.0012
225.4	-0.0012
225.5	-0.00123
225.6	-0.00139
225.7	-0.00136
225.8	-0.00122
225.9	-8.7E-4
226	-8.18E-4
226.1	-4.76E-4
226.2	-2.37E-4
226.3	-2.79E-4
226.4	-2.68E-4
226.5	-5.52E-4
226.6	-3.55E-4
226.7	-2.5E-4
226.8	-3.39E-4
226.9	-4.86E-4
227	-6.24E-4
227.1	-4.18E-4
227.2	-5.24E-4
227.3	-5.46E-4
227.4	-7.8E-4
227.5	-9.21E-4
227.6	-8.56E-4
227.7	-0.00115
227.8	-0.00132
227.9	-0.00113
228	-9.19E-4
228.1	-6.65E-4
228.2	-2.57E-4
228.3	3.03E-4
228.4	8.21E-4
228.5	0.00132
228.6	0.00184
228.7	0.00224
228.8	0.00256
228.9	0.00307
229	0.0032
229.1	0.00324
229.2	0.00302
229.3	0.00284
229.4	0.00233
229.5	0.00184
229.6	0.00118
229.7	7.16E-4
229.8	2.79E-4
229.9	-2.65E-4
230	-3.7E-4
230.1	-3.66E-4
230.2	-5E-4
230.3	-5.38E-4
230.4	-7.11E-4
230.5	-5.48E-4
230.6	-6.52E-4
230.7	-3.71E-4
230.8	-4.56E-4
230.9	-3.1E-4
231	-1.37E-4
231.1	-3.29E-4
231.2	-2.63E-4
231.3	-1.02E-4
231.4	-5E-5
231.5	8E-5
231.6	-1.9E-5
231.7	1.32E-4
231.8	-3.5E-5
231.9	0
232	-3.04E-4
232.1	-6E-4
232.2	-7.95E-4
232.3	-8.66E-4
232.4	-9.71E-4
232.5	-0.00104
232.6	-0.00119
232.7	-0.00121
232.8	-0.00139
232.9	-0.00126
233	-0.00144
233.1	-0.0011
233.2	-8.26E-4
233.3	-5.27E-4
233.4	-1.84E-4
233.5	1.45E-4
233.6	5.66E-4
233.7	9.41E-4
233.8	0.0011
233.9	0.00125
234	0.00121
234.1	0.00154
234.2	0.00156
234.3	0.00188
234.4	0.00199
234.5	0.00223
234.6	0.00224
234.7	0.00254
234.8	0.00287
234.9	0.00325
235	0.00365
235.1	0.00413
235.2	0.00455
235.3	0.00475
235.4	0.00517
235.5	0.00534
235.6	0.00535
235.7	0.00515
235.8	0.00509
235.9	0.00464
236	0.00438
236.1	0.00411
236.2	0.004
236.3	0.0041
236.4	0.00385
236.5	0.00377
236.6	0.00392
236.7	0.0036
236.8	0.00316
236.9	0.00241
237	0.00138
237.1	4.8E-5
237.2	-0.00116
237.3	-0.00296
237.4	-0.00486
237.5	-0.00762
237.6	-0.01106
237.7	-0.01513
237.8	-0.01921
237.9	-0.02298
238	-0.026
238.1	-0.02811
238.2	-0.02933
238.3	-0.03012
238.4	-0.03033
238.5	-0.03031
238.6	-0.03008
238.7	-0.02908
238.8	-0.02724
238.9	-0.02392
239	-0.01937
239.1	-0.01373
239.2	-0.0076
239.3	-0.0013
239.4	0.00487
239.5	0.01035
239.6	0.01552
239.7	0.01997
239.8	0.02346
239.9	0.02605
240	0.0278
240.1	0.02873
240.2	0.02892
240.3	0.02799
240.4	0.02673
240.5	0.02493
240.6	0.02266
240.7	0.02009
240.8	0.01753
240.9	0.0149
241	0.01222
241.1	0.00986
241.2	0.00765
241.3	0.00548
241.4	0.00351
241.5	0.00184
241.6	4.95E-4
241.7	-9.07E-4
241.8	-0.00219
241.9	-0.00314
242	-0.00411
242.1	-0.00472
242.2	-0.00535
242.3	-0.00566
242.4	-0.00621
242.5	-0.00629
242.6	-0.00652
242.7	-0.00669
242.8	-0.00649
242.9	-0.00631
243	-0.006
243.1	-0.00582
243.2	-0.00563
243.3	-0.00559
243.4	-0.00508
243.5	-0.00458
243.6	-0.0039
243.7	-0.00281
243.8	-0.00151
243.9	2.27E-4
244	0.00177
244.1	0.00344
244.2	0.00437
244.3	0.00525
244.4	0.00569
244.5	0.0058
244.6	0.00554
244.7	0.00532
244.8	0.00457
244.9	0.00382
245	0.00261
245.1	0.0017
245.2	9.23E-4
245.3	4E-5
245.4	-8.72E-4
245.5	-0.00156
245.6	-0.00229
245.7	-0.0031
245.8	-0.00332
245.9	-0.00373
246	-0.00401
246.1	-0.00394
246.2	-0.00391
246.3	-0.00362
246.4	-0.00332
246.5	-0.00279
246.6	-0.00253
246.7	-0.0021
246.8	-0.00173
246.9	-0.00152
247	-0.00125
247.1	-9.08E-4
247.2	-7.52E-4
247.3	-3.8E-4
247.4	-4.36E-4
247.5	-4.44E-4
247.6	-5.72E-4
247.7	-6.22E-4
247.8	-7.64E-4
247.9	-6.23E-4
248	-5.9E-4
248.1	-6.31E-4
248.2	-4.18E-4
248.3	-1.46E-4
248.4	2.8E-5
248.5	4.65E-4
248.6	8.14E-4
248.7	0.00107
248.8	0.00152
248.9	0.00204
249	0.00248
249.1	0.0028
249.2	0.00311
249.3	0.00336
249.4	0.00315
249.5	0.00344
249.6	0.00348
249.7	0.00368
249.8	0.00361
249.9	0.00336
250	0.00309
250.1	0.00295
250.2	0.00261
250.3	0.00233
250.4	0.0016
250.5	8.71E-4
250.6	4.48E-4
250.7	-2.32E-4
250.8	-6.86E-4
250.9	-0.00145
251	-0.00222
251.1	-0.0029
251.2	-0.00357
251.3	-0.00431
251.4	-0.00464
251.5	-0.00514
251.6	-0.00554
251.7	-0.00596
251.8	-0.00661
251.9	-0.00694
252	-0.0072
252.1	-0.00716
252.2	-0.00688
252.3	-0.00644
252.4	-0.00551
252.5	-0.00472
252.6	-0.00385
252.7	-0.00287
252.8	-0.00202
252.9	-0.00116
253	-3.58E-4
253.1	4.33E-4
253.2	0.00159
253.3	0.00263
253.4	0.00345
253.5	0.00416
253.6	0.00469
253.7	0.00478
253.8	0.00489
253.9	0.00517
254	0.00505
254.1	0.00494
254.2	0.00477
254.3	0.00439
254.4	0.00412
254.5	0.00359
254.6	0.00302
254.7	0.00255
254.8	0.00192
254.9	0.00127
255	6.77E-4
255.1	3.88E-4
255.2	-4.4E-5
255.3	-3.12E-4
255.4	-5.08E-4
255.5	-9.56E-4
255.6	-0.00102
255.7	-0.00128
255.8	-0.00154
255.9	-0.00178
256	-0.00194
256.1	-0.00206
256.2	-0.00194
256.3	-0.0019
256.4	-0.00202
256.5	-0.0018
256.6	-0.00165
256.7	-0.00144
256.8	-0.00123
256.9	-7.49E-4
257	-4.84E-4
257.1	-7.7E-5
257.2	4.89E-4
257.3	8.55E-4
257.4	0.00116
257.5	0.00153
257.6	0.00181
257.7	0.00227
257.8	0.00273
257.9	0.00295
258	0.0034
258.1	0.00342
258.2	0.00344
258.3	0.00347
258.4	0.00321
258.5	0.0031
258.6	0.00276
258.7	0.00224
258.8	0.00165
258.9	0.00105
259	6.91E-4
259.1	1.5E-4
259.2	-3.43E-4
259.3	-0.00108
259.4	-0.00157
259.5	-0.00211
259.6	-0.00261
259.7	-0.00265
259.8	-0.00308
259.9	-0.00327
260	-0.00345
260.1	-0.00351
260.2	-0.00345
260.3	-0.00358
260.4	-0.00342
260.5	-0.00324
260.6	-0.00298
260.7	-0.00284
260.8	-0.00281
260.9	-0.00259
261	-0.00242
261.1	-0.00237
261.2	-0.00243
261.3	-0.00257
261.4	-0.00257
261.5	-0.00256
261.6	-0.00241
261.7	-0.00256
261.8	-0.00274
261.9	-0.00285
262	-0.00306
262.1	-0.00322
262.2	-0.00343
262.3	-0.00331
262.4	-0.00337
262.5	-0.003
262.6	-0.00286
262.7	-0.00259
262.8	-0.00219
262.9	-0.00117
263	-3.51E-4
263.1	5.36E-4
263.2	0.00154
263.3	0.00245
263.4	0.00329
263.5	0.00384
263.6	0.00437
263.7	0.00471
263.8	0.0046
263.9	0.00492
264	0.00495
264.1	0.0051
264.2	0.00506
264.3	0.00492
264.4	0.0047
264.5	0.00447
264.6	0.00401
264.7	0.00371
264.8	0.00372
264.9	0.00296
265	0.00255
265.1	0.00193
265.2	0.00123
265.3	5.85E-4
265.4	4.6E-5
265.5	-5.36E-4
265.6	-0.00116
265.7	-0.00164
265.8	-0.00206
265.9	-0.00226
266	-0.00264
266.1	-0.00293
266.2	-0.00314
266.3	-0.00307
266.4	-0.00314
266.5	-0.00317
266.6	-0.00318
266.7	-0.0028
266.8	-0.0028
266.9	-0.00295
267	-0.00299
267.1	-0.00262
267.2	-0.00241
267.3	-0.00208
267.4	-0.00187
267.5	-0.00168
267.6	-0.00113
267.7	-7.54E-4
267.8	-2.85E-4
267.9	-1.1E-4
268	3.15E-4
268.1	5.27E-4
268.2	7.67E-4
268.3	9.91E-4
268.4	0.00105
268.5	0.00131
268.6	0.00136
268.7	0.00152
268.8	0.00189
268.9	0.00169
269	0.0017
269.1	0.00147
269.2	0.00149
269.3	0.00121
269.4	9.38E-4
269.5	7.19E-4
269.6	6.84E-4
269.7	3.57E-4
269.8	1.4E-4
269.9	4.6E-5
270	-2.6E-4
270.1	-2.11E-4
270.2	-3.72E-4
270.3	-4.35E-4
270.4	-4.31E-4
270.5	-2.4E-4
270.6	-1.67E-4
270.7	1.5E-5
270.8	5.57E-4
270.9	8.23E-4
271	0.00127
271.1	0.00162
271.2	0.00188
271.3	0.00215
271.4	0.00208
271.5	0.00233
271.6	0.00229
271.7	0.00209
271.8	0.00197
271.9	0.0017
272	0.00161
272.1	0.00136
272.2	0.00108
272.3	9.84E-4
272.4	8.55E-4
272.5	9.08E-4
272.6	9.23E-4
272.7	7.19E-4
272.8	7.22E-4
272.9	8.5E-4
273	9.57E-4
273.1	0.00103
273.2	0.00137
273.3	0.00132
273.4	0.00165
273.5	0.0016
273.6	0.00169
273.7	0.00167
273.8	0.00136
273.9	0.00139
274	0.00123
274.1	9.28E-4
274.2	4.28E-4
274.3	-9.7E-5
274.4	-6.96E-4
274.5	-0.00127
274.6	-0.00176
274.7	-0.00231
274.8	-0.00269
274.9	-0.00313
275	-0.00325
275.1	-0.00349
275.2	-0.0036
275.3	-0.00369
275.4	-0.00378
275.5	-0.0037
275.6	-0.00372
275.7	-0.00388
275.8	-0.00396
275.9	-0.00386
276	-0.00395
276.1	-0.00384
276.2	-0.00382
276.3	-0.00372
276.4	-0.00325
276.5	-0.00302
276.6	-0.00245
276.7	-0.00194
276.8	-0.00152
276.9	-8.32E-4
277	-2.66E-4
277.1	4.71E-4
277.2	7.32E-4
277.3	0.00132
277.4	0.00162
277.5	0.00164
277.6	0.00165
277.7	0.00152
277.8	0.00156
277.9	0.00131
278	0.00129
278.1	0.00109
278.2	0.00103
278.3	8.9E-4
278.4	9.25E-4
278.5	0.00103
278.6	8.75E-4
278.7	9.97E-4
278.8	0.00108
278.9	0.00143
279	0.0015
279.1	0.00153
279.2	0.00162
279.3	0.00131
279.4	0.00114
279.5	8.11E-4
279.6	5.72E-4
279.7	1.87E-4
279.8	3.8E-5
279.9	-5.01E-4
280	-0.00104
280.1	-0.00143
280.2	-0.0014
280.3	-0.0018
280.4	-0.00199
280.5	-0.00216
280.6	-0.00218
280.7	-0.00217
280.8	-0.00233
280.9	-0.00212
281	-0.00205
281.1	-0.00184
281.2	-0.00176
281.3	-0.00146
281.4	-0.00118
281.5	-7.25E-4
281.6	-5.07E-4
281.7	-3E-5
281.8	7.11E-4
281.9	9.27E-4
282	0.0013
282.1	0.00166
282.2	0.00202
282.3	0.00247
282.4	0.00282
282.5	0.00301
282.6	0.00328
282.7	0.00358
282.8	0.00371
282.9	0.00352
283	0.00344
283.1	0.00326
283.2	0.0029
283.3	0.00255
283.4	0.00199
283.5	0.00143
283.6	7.31E-4
283.7	2.78E-4
283.8	-7.9E-5
283.9	-1.34E-4
284	-6.4E-4
284.1	-7.64E-4
284.2	-9.53E-4
284.3	-0.00122
284.4	-0.00142
284.5	-0.00166
284.6	-0.00201
284.7	-0.00221
284.8	-0.00238
284.9	-0.00237
285	-0.00248
285.1	-0.00245
285.2	-0.00254
285.3	-0.00248
285.4	-0.00263
285.5	-0.0026
285.6	-0.0028
285.7	-0.00285
285.8	-0.00259
285.9	-0.00263
286	-0.00241
286.1	-0.00224
286.2	-0.00221
286.3	-0.00199
286.4	-0.00207
286.5	-0.00194
286.6	-0.0019
286.7	-0.00191
286.8	-0.00174
286.9	-0.00163
287	-0.00148
287.1	-0.00137
287.2	-9.65E-4
287.3	-6.39E-4
287.4	-4.3E-4
287.5	-1E-4
287.6	2.62E-4
287.7	7.24E-4
287.8	8.97E-4
287.9	0.00115
288	0.00147
288.1	0.00173
288.2	0.00167
288.3	0.00189
288.4	0.00204
288.5	0.00193
288.6	0.00189
288.7	0.00178
288.8	0.00173
288.9	0.00154
289	0.00142
289.1	0.00137
289.2	0.00112
289.3	0.00103
289.4	0.00105
289.5	8.36E-4
289.6	5.96E-4
289.7	5.23E-4
289.8	4.35E-4
289.9	1.11E-4
290	-7.9E-5
290.1	-4.03E-4
290.2	-6.84E-4
290.3	-0.00102
290.4	-0.00125
290.5	-0.00142
290.6	-0.00151
290.7	-0.00166
290.8	-0.00157
290.9	-0.00157
291	-0.0013
291.1	-9.71E-4
291.2	-7.65E-4
291.3	-4.15E-4
291.4	-7.5E-5
291.5	3.3E-4
291.6	7.38E-4
291.7	9.84E-4
291.8	0.0012
291.9	0.00147
292	0.00175
292.1	0.00188
292.2	0.00197
292.3	0.0019
292.4	0.00202
292.5	0.00183
292.6	0.00182
292.7	0.00168
292.8	0.00144
292.9	0.00152
293	0.0013
293.1	0.00127
293.2	0.00133
293.3	0.00118
293.4	0.00118
293.5	0.00103
293.6	0.00126
293.7	0.00107
293.8	9.51E-4
293.9	8.45E-4
294	9.14E-4
294.1	5.07E-4
294.2	5.59E-4
294.3	4.14E-4
294.4	2.52E-4
294.5	1.89E-4
294.6	6E-5
294.7	1.2E-4
294.8	9E-5
294.9	1.6E-4
295	1.15E-4
295.1	4.6E-5
295.2	-4.9E-5
295.3	7E-6
295.4	-1.33E-4
295.5	-4.6E-4
295.6	-6.81E-4
295.7	-8.41E-4
295.8	-0.00104
295.9	-0.00105
296	-0.001
296.1	-9.99E-4
296.2	-0.00111
296.3	-5.83E-4
296.4	-7.02E-4
296.5	-5.7E-4
296.6	-5.19E-4
296.7	-4.52E-4
296.8	-2.16E-4
296.9	-3.91E-4
297	-3.28E-4
297.1	-2.72E-4
297.2	-4.24E-4
297.3	-5.74E-4
297.4	-8.05E-4
297.5	-9.26E-4
297.6	-0.00118
297.7	-0.00113
297.8	-0.00126
297.9	-0.00131
298	-0.00123
298.1	-0.00123
298.2	-9.64E-4
298.3	-9.12E-4
298.4	-6.04E-4
298.5	-4.6E-4
298.6	-2.61E-4
298.7	-1.36E-4
298.8	7.4E-5
298.9	3.83E-4
299	5.92E-4
299.1	7.66E-4
299.2	8.71E-4
299.3	8.63E-4
299.4	0.00121
299.5	9.08E-4
299.6	8.47E-4
299.7	7.9E-4
299.8	3.75E-4
299.9	5.68E-4
300	1.66E-4
300.1	-1.21E-4
300.2	-5.22E-4
300.3	-7.22E-4
300.4	-0.00104
300.5	-0.00114
300.6	-0.00111
300.7	-0.00144
300.8	-0.0015
300.9	-0.00165
301	-0.00139
301.1	-0.00145
301.2	-0.00146
301.3	-0.0015
301.4	-0.0012
301.5	-0.0011
301.6	-0.00105
301.7	-8.29E-4
301.8	-6.77E-4
301.9	-3.68E-4
302	-3.9E-5
302.1	-6.2E-5
302.2	-3E-6
302.3	-4E-5
302.4	1.91E-4
302.5	4.26E-4
302.6	4.69E-4
302.7	5.48E-4
302.8	5.48E-4
302.9	7.89E-4
303	7.27E-4
303.1	8.98E-4
303.2	6.9E-4
303.3	8.08E-4
303.4	7.16E-4
303.5	6.3E-4
303.6	5.91E-4
303.7	5.16E-4
303.8	3.82E-4
303.9	4.25E-4
304	7.54E-4
304.1	6.65E-4
304.2	5.84E-4
304.3	6.83E-4
304.4	6.57E-4
304.5	6.43E-4
304.6	6.14E-4
304.7	4.16E-4
304.8	3.4E-4
304.9	-5.1E-5
305	-2.33E-4
305.1	-4.85E-4
305.2	-7.86E-4
305.3	-0.0011
305.4	-0.00136
305.5	-0.00147
305.6	-0.0015
305.7	-0.00189
305.8	-0.00206
305.9	-0.00181
306	-0.00171
306.1	-0.00147
306.2	-0.00142
306.3	-0.00132
306.4	-0.00105
306.5	-6.83E-4
306.6	-4.21E-4
306.7	-2.98E-4
306.8	1.9E-5
306.9	1.58E-4
307	2.08E-4
307.1	2.68E-4
307.2	4.82E-4
307.3	4.38E-4
307.4	4.02E-4
307.5	5.87E-4
307.6	5.62E-4
307.7	4.81E-4
307.8	5.78E-4
307.9	5.36E-4
308	5.09E-4
308.1	5.04E-4
308.2	3.26E-4
308.3	1.76E-4
308.4	3.5E-5
308.5	1.81E-4
308.6	3.91E-4
308.7	2.57E-4
308.8	2.52E-4
308.9	1.61E-4
309	1.6E-4
309.1	3.7E-5
309.2	1.71E-4
309.3	7.8E-5
309.4	-7.3E-5
309.5	-1.53E-4
309.6	-4.7E-5
309.7	-2.13E-4
309.8	-4.02E-4
309.9	-5.54E-4
310	-5.32E-4
310.1	-6.01E-4
310.2	-5.58E-4
310.3	-6.59E-4
310.4	-8.76E-4
310.5	-7.04E-4
310.6	-5.61E-4
310.7	-4.76E-4
310.8	-3.03E-4
310.9	-2.29E-4
311	-1.48E-4
311.1	-1.2E-5
311.2	2.07E-4
311.3	3.44E-4
311.4	2.93E-4
311.5	2.39E-4
311.6	3.83E-4
311.7	5.78E-4
311.8	3.44E-4
311.9	4.64E-4
312	5.32E-4
312.1	7.73E-4
312.2	8.32E-4
312.3	8.56E-4
312.4	8.02E-4
312.5	8.03E-4
312.6	9.49E-4
312.7	0.00121
312.8	0.0012
312.9	9.36E-4
313	0.00104
313.1	9.33E-4
313.2	7.66E-4
313.3	7.79E-4
313.4	8.26E-4
313.5	4.54E-4
313.6	4.23E-4
313.7	1.69E-4
313.8	1.43E-4
313.9	-2.34E-4
314	-1.86E-4
314.1	-3.69E-4
314.2	-2.92E-4
314.3	-3.38E-4
314.4	-2.68E-4
314.5	-1.52E-4
314.6	-1.4E-5
314.7	2.43E-4
314.8	2.49E-4
314.9	4.64E-4
315	4.04E-4
315.1	3.73E-4
315.2	5.04E-4
315.3	3.93E-4
315.4	3.91E-4
315.5	1.02E-4
315.6	-1E-5
315.7	1.6E-5
315.8	-3.31E-4
315.9	-5.99E-4
316	-9.7E-4
316.1	-0.00104
316.2	-0.00126
316.3	-0.00128
316.4	-0.00167
316.5	-0.00183
316.6	-0.00197
316.7	-0.00189
316.8	-0.00189
316.9	-0.00194
317	-0.00178
317.1	-0.00181
317.2	-0.00145
317.3	-0.00109
317.4	-8.83E-4
317.5	-6.69E-4
317.6	-5.97E-4
317.7	-2.81E-4
317.8	5.8E-5
317.9	2.67E-4
318	2.25E-4
318.1	2.2E-4
318.2	4.71E-4
318.3	3.42E-4
318.4	4.27E-4
318.5	3.71E-4
318.6	2.76E-4
318.7	5.12E-4
318.8	7.49E-4
318.9	9.13E-4
319	0.00109
319.1	0.00142
319.2	0.00147
319.3	0.00152
319.4	0.00168
319.5	0.00165
319.6	0.00151
319.7	0.00141
319.8	0.00147
319.9	0.00132