0	3.19E-4
0.1	3.27E-4
0.2	3.54E-4
0.3	2.77E-4
0.4	3.07E-4
0.5	1.58E-4
0.6	2.17E-4
0.7	2.92E-4
0.8	1.96E-4
0.9	2.78E-4
1	2.05E-4
1.1	1.9E-4
1.2	2.64E-4
1.3	1.89E-4
1.4	2.2E-4
1.5	-1.4E-5
1.6	4.3E-5
1.7	-4.2E-5
1.8	5.1E-5
1.9	-2.8E-5
2	-1.44E-4
2.1	3.8E-5
2.2	3.3E-5
2.3	-4.9E-5
2.4	-1.19E-4
2.5	-2.94E-4
2.6	-2.53E-4
2.7	-3.36E-4
2.8	-2.96E-4
2.9	-3.15E-4
3	-3.77E-4
3.1	-5.06E-4
3.2	-4.64E-4
3.3	-4.97E-4
3.4	-3.57E-4
3.5	-5.31E-4
3.6	-5.06E-4
3.7	-3.84E-4
3.8	-2.63E-4
3.9	-4.26E-4
4	-3.11E-4
4.1	-3.94E-4
4.2	-2.49E-4
4.3	-4.04E-4
4.4	-3.15E-4
4.5	-3.08E-4
4.6	-3.66E-4
4.7	-1.56E-4
4.8	-2.1E-4
4.9	-2.35E-4
5	-2.2E-4
5.1	-1.91E-4
5.2	-2.58E-4
5.3	-1.95E-4
5.4	-1.57E-4
5.5	-2E-4
5.6	-1.05E-4
5.7	-7.4E-5
5.8	3.6E-5
5.9	-7.8E-5
6	7.9E-5
6.1	9.1E-5
6.2	-2.11E-4
6.3	4.3E-5
6.4	1.7E-5
6.5	7.8E-5
6.6	1.16E-4
6.7	7.3E-5
6.8	1.24E-4
6.9	8.6E-5
7	2.19E-4
7.1	1.86E-4
7.2	2.3E-5
7.3	1.43E-4
7.4	2.4E-5
7.5	2.33E-4
7.6	3E-6
7.7	2.54E-4
7.8	1.35E-4
7.9	-1.3E-5
8	5.9E-5
8.1	-1.5E-5
8.2	1.03E-4
8.3	1.64E-4
8.4	5.2E-5
8.5	2.7E-5
8.6	6.3E-5
8.7	9.6E-5
8.8	-7.8E-5
8.9	-7.8E-5
9	9.7E-5
9.1	-7E-5
9.2	1.3E-4
9.3	-8.3E-5
9.4	4.9E-5
9.5	5.2E-5
9.6	-1.75E-4
9.7	-1.86E-4
9.8	-1.09E-4
9.9	-3.9E-5
10	1.11E-4
10.1	-1.5E-5
10.2	-1.02E-4
10.3	1.9E-5
10.4	-1.35E-4
10.5	1.08E-4
10.6	5.2E-5
10.7	2.62E-4
10.8	6.7E-5
10.9	7.8E-5
11	5.9E-5
11.1	2.33E-4
11.2	9E-5
11.3	1.75E-4
11.4	9.4E-5
11.5	1.09E-4
11.6	2E-5
11.7	2.41E-4
11.8	2.84E-4
11.9	1.39E-4
12	7.4E-5
12.1	2.34E-4
12.2	2.6E-4
12.3	7.8E-5
12.4	1.47E-4
12.5	1.7E-4
12.6	5.3E-5
12.7	1.55E-4
12.8	1.35E-4
12.9	8.5E-5
13	1.95E-4
13.1	8.6E-5
13.2	1.8E-4
13.3	4.6E-5
13.4	-7.1E-5
13.5	-1.1E-4
13.6	-2.12E-4
13.7	-1.23E-4
13.8	-1.5E-5
13.9	-1.65E-4
14	-8.7E-5
14.1	-4.4E-5
14.2	-2.14E-4
14.3	-9.1E-5
14.4	-3.14E-4
14.5	-1.62E-4
14.6	-4E-6
14.7	-1.78E-4
14.8	-3.11E-4
14.9	-2.04E-4
15	-2.67E-4
15.1	-3.2E-4
15.2	-2.17E-4
15.3	-1.89E-4
15.4	-3.58E-4
15.5	-2.81E-4
15.6	-1.71E-4
15.7	-2.19E-4
15.8	-1.44E-4
15.9	6E-6
16	-1.54E-4
16.1	-3.09E-4
16.2	-9.1E-5
16.3	-1.04E-4
16.4	-2.02E-4
16.5	-1.07E-4
16.6	-1.48E-4
16.7	-1.13E-4
16.8	-2.6E-5
16.9	2.3E-5
17	-1.8E-4
17.1	-3.3E-5
17.2	-2.1E-5
17.3	5.7E-5
17.4	-1.52E-4
17.5	-9.7E-5
17.6	-3.6E-5
17.7	-3.8E-5
17.8	-7.5E-5
17.9	8.7E-5
18	-5.1E-5
18.1	3.4E-5
18.2	9.1E-5
18.3	-6.1E-5
18.4	-2.29E-4
18.5	-6.2E-5
18.6	-1.52E-4
18.7	-1E-4
18.8	-1.67E-4
18.9	-1.19E-4
19	-1.43E-4
19.1	9.6E-5
19.2	-2.9E-5
19.3	3.7E-5
19.4	-1E-4
19.5	-2.9E-5
19.6	-2.6E-5
19.7	-8.9E-5
19.8	1.32E-4
19.9	-2.9E-5
20	-1.02E-4
20.1	1.6E-5
20.2	6.7E-5
20.3	-1.05E-4
20.4	-2.7E-5
20.5	-4.2E-5
20.6	-1.82E-4
20.7	-1.34E-4
20.8	-5.8E-5
20.9	-3.8E-5
21	4E-5
21.1	-4E-6
21.2	-5.9E-5
21.3	-7.7E-5
21.4	-6.7E-5
21.5	-1.75E-4
21.6	9.2E-5
21.7	-1E-5
21.8	-9.3E-5
21.9	5E-6
22	-1.08E-4
22.1	-1.02E-4
22.2	1.53E-4
22.3	-9.5E-5
22.4	-2.03E-4
22.5	2.1E-5
22.6	1.8E-5
22.7	-1.42E-4
22.8	-1.5E-5
22.9	-3.5E-5
23	-4E-6
23.1	-5E-6
23.2	-7.4E-5
23.3	-3.2E-5
23.4	1.51E-4
23.5	1.47E-4
23.6	1.75E-4
23.7	7.3E-5
23.8	-2.6E-5
23.9	-3E-6
24	-4.5E-5
24.1	1.23E-4
24.2	8.9E-5
24.3	1.11E-4
24.4	-3.5E-5
24.5	-1.76E-4
24.6	5.1E-5
24.7	4.9E-5
24.8	-4.3E-5
24.9	-8E-5
25	-2.43E-4
25.1	5.1E-5
25.2	8.8E-5
25.3	-3.4E-5
25.4	-1.8E-5
25.5	-1.23E-4
25.6	-7.4E-5
25.7	1.3E-5
25.8	-4.1E-5
25.9	-5.8E-5
26	-1.11E-4
26.1	-4.1E-5
26.2	-1.8E-4
26.3	-1.86E-4
26.4	-1.44E-4
26.5	-2E-4
26.6	-8.5E-5
26.7	-2.8E-4
26.8	-1.61E-4
26.9	-1.7E-5
27	1.3E-5
27.1	-1.68E-4
27.2	-9.4E-5
27.3	-2E-5
27.4	-1.8E-5
27.5	-1.22E-4
27.6	1E-6
27.7	-1.76E-4
27.8	9E-6
27.9	1.94E-4
28	-7.1E-5
28.1	-1E-4
28.2	-8E-6
28.3	1.41E-4
28.4	8.3E-5
28.5	-1.7E-5
28.6	7.6E-5
28.7	8.7E-5
28.8	-1.1E-5
28.9	-7.1E-5
29	5E-6
29.1	4.8E-5
29.2	2.26E-4
29.3	9.7E-5
29.4	4.4E-5
29.5	1.01E-4
29.6	4.5E-5
29.7	9.8E-5
29.8	-2.9E-5
29.9	1.25E-4
30	1.4E-5
30.1	4.5E-5
30.2	6.8E-5
30.3	7.6E-5
30.4	-1.35E-4
30.5	-1.6E-5
30.6	-1.17E-4
30.7	-6.9E-5
30.8	4E-5
30.9	-9.4E-5
31	-1.78E-4
31.1	1.2E-5
31.2	3.3E-5
31.3	1.36E-4
31.4	1.56E-4
31.5	-6.3E-5
31.6	9E-5
31.7	4.5E-5
31.8	1.11E-4
31.9	-9E-5
32	7.6E-5
32.1	7E-6
32.2	-4.2E-5
32.3	-3E-5
32.4	6.1E-5
32.5	-1.46E-4
32.6	-7.6E-5
32.7	-1.14E-4
32.8	-2.9E-5
32.9	6.7E-5
33	3.7E-5
33.1	-1E-5
33.2	-1.56E-4
33.3	-9.7E-5
33.4	-3E-6
33.5	9.9E-5
33.6	-4E-6
33.7	-1.95E-4
33.8	-1.97E-4
33.9	-1.66E-4
34	-5.2E-5
34.1	-1.78E-4
34.2	-1.48E-4
34.3	-7.8E-5
34.4	2.8E-5
34.5	-1.48E-4
34.6	-1.2E-5
34.7	-1.72E-4
34.8	4.8E-5
34.9	4.2E-5
35	3.4E-5
35.1	-5.3E-5
35.2	-7.9E-5
35.3	-1.32E-4
35.4	-9.5E-5
35.5	-7.3E-5
35.6	1.07E-4
35.7	-9.1E-5
35.8	-3E-5
35.9	-4.8E-5
36	-1.48E-4
36.1	1.75E-4
36.2	-1.32E-4
36.3	2.2E-5
36.4	-5E-6
36.5	9.5E-5
36.6	1.1E-5
36.7	1.5E-5
36.8	-8.4E-5
36.9	1.8E-5
37	-7.3E-5
37.1	-5E-5
37.2	1.15E-4
37.3	1.7E-5
37.4	-6.3E-5
37.5	-7.6E-5
37.6	-1.2E-4
37.7	3E-6
37.8	-5.3E-5
37.9	9.3E-5
38	-1.82E-4
38.1	-5.5E-5
38.2	3E-5
38.3	-5.3E-5
38.4	-4E-5
38.5	-5.1E-5
38.6	-5E-6
38.7	7.7E-5
38.8	5.7E-5
38.9	4.4E-5
39	9.2E-5
39.1	-1E-6
39.2	-8.9E-5
39.3	-2E-5
39.4	7.7E-5
39.5	1.16E-4
39.6	4E-5
39.7	-5E-6
39.8	-1.62E-4
39.9	-1.24E-4
40	1E-5
40.1	-5.1E-5
40.2	5E-6
40.3	1.12E-4
40.4	1.22E-4
40.5	2.31E-4
40.6	4.8E-5
40.7	1.57E-4
40.8	-5.5E-5
40.9	6.2E-5
41	-2.7E-5
41.1	-2.8E-5
41.2	4E-6
41.3	1.24E-4
41.4	-9.4E-5
41.5	2.01E-4
41.6	9.8E-5
41.7	8.1E-5
41.8	1.45E-4
41.9	-6E-6
42	8.1E-5
42.1	1.8E-5
42.2	-5E-5
42.3	2.8E-5
42.4	6E-5
42.5	-1.15E-4
42.6	1.38E-4
42.7	2.8E-5
42.8	-8.2E-5
42.9	1.56E-4
43	2.7E-5
43.1	1.1E-5
43.2	1.04E-4
43.3	-7.2E-5
43.4	4.7E-5
43.5	-3.4E-5
43.6	-3.7E-5
43.7	2.2E-5
43.8	-1.04E-4
43.9	-4E-6
44	-6.9E-5
44.1	7.6E-5
44.2	-1.4E-5
44.3	1.24E-4
44.4	3.9E-5
44.5	1E-5
44.6	9E-5
44.7	1.16E-4
44.8	-4.6E-5
44.9	-1.8E-5
45	-8.7E-5
45.1	1.42E-4
45.2	1.1E-5
45.3	-1.42E-4
45.4	-1.22E-4
45.5	-9.2E-5
45.6	-3.2E-5
45.7	-8E-6
45.8	-1E-4
45.9	-1.78E-4
46	-1.32E-4
46.1	-2.08E-4
46.2	-2.33E-4
46.3	-2.52E-4
46.4	-1.02E-4
46.5	3.1E-5
46.6	-1.32E-4
46.7	6E-5
46.8	1.15E-4
46.9	-1.39E-4
47	-1.89E-4
47.1	-8.2E-5
47.2	-8.7E-5
47.3	-1.4E-5
47.4	-1.11E-4
47.5	-6.9E-5
47.6	3E-6
47.7	-2.64E-4
47.8	1.52E-4
47.9	-1.18E-4
48	-2.25E-4
48.1	1.3E-5
48.2	0
48.3	-6.3E-5
48.4	-1.63E-4
48.5	-7.4E-5
48.6	8.5E-5
48.7	5.8E-5
48.8	-1E-5
48.9	8E-6
49	3.8E-5
49.1	-3.7E-5
49.2	1.22E-4
49.3	-8.6E-5
49.4	-1.16E-4
49.5	1.24E-4
49.6	-2E-6
49.7	8E-6
49.8	-2E-5
49.9	1.22E-4
50	5E-6
50.1	-3.5E-5
50.2	3E-5
50.3	3.2E-5
50.4	-4.6E-5
50.5	-2.38E-4
50.6	-1.11E-4
50.7	-1.9E-5
50.8	5.4E-5
50.9	-7.3E-5
51	-1.22E-4
51.1	5.9E-5
51.2	1.02E-4
51.3	-1.7E-5
51.4	3.6E-5
51.5	-1.1E-4
51.6	-1.87E-4
51.7	1.38E-4
51.8	-4E-5
51.9	2.4E-5
52	4.6E-5
52.1	3.3E-5
52.2	-9.9E-5
52.3	-9.1E-5
52.4	-2.01E-4
52.5	2E-5
52.6	-1.1E-5
52.7	-1.91E-4
52.8	-1.31E-4
52.9	-2.7E-5
53	-6.5E-5
53.1	-9E-5
53.2	-3E-6
53.3	3.3E-5
53.4	-3.1E-5
53.5	9E-6
53.6	4.6E-5
53.7	1.37E-4
53.8	6E-6
53.9	-7E-6
54	9E-6
54.1	-3.4E-5
54.2	4.4E-5
54.3	-2.44E-4
54.4	-1E-5
54.5	-1.98E-4
54.6	1.67E-4
54.7	2.2E-5
54.8	-4.2E-5
54.9	9E-5
55	-6.2E-5
55.1	-1.2E-4
55.2	6.9E-5
55.3	-8.2E-5
55.4	-1.46E-4
55.5	3.3E-5
55.6	-6.5E-5
55.7	-1.2E-4
55.8	3.9E-5
55.9	8.1E-5
56	-9.4E-5
56.1	-2.81E-4
56.2	-2.56E-4
56.3	-7.2E-5
56.4	1.3E-5
56.5	-1.14E-4
56.6	-7.8E-5
56.7	3.1E-5
56.8	-6.9E-5
56.9	1.26E-4
57	-8.9E-5
57.1	-1.3E-5
57.2	3.1E-5
57.3	8.6E-5
57.4	-2.28E-4
57.5	4.6E-5
57.6	-1.93E-4
57.7	7.3E-5
57.8	2.3E-5
57.9	1E-6
58	1.08E-4
58.1	-8E-6
58.2	4.4E-5
58.3	-1.7E-5
58.4	-1.15E-4
58.5	5.7E-5
58.6	-8.9E-5
58.7	-6.8E-5
58.8	-5E-5
58.9	1.84E-4
59	-1.18E-4
59.1	-9.3E-5
59.2	-3.9E-5
59.3	-1.72E-4
59.4	2.5E-5
59.5	-1E-6
59.6	-1.8E-5
59.7	-1.72E-4
59.8	9.7E-5
59.9	-3.2E-5
60	4.9E-5
60.1	1.1E-4
60.2	9E-5
60.3	-7.3E-5
60.4	2E-5
60.5	1.7E-5
60.6	6.6E-5
60.7	-1.17E-4
60.8	1.55E-4
60.9	4.4E-5
61	1.3E-4
61.1	3.2E-5
61.2	4.7E-5
61.3	7.8E-5
61.4	1.12E-4
61.5	4.5E-5
61.6	1.02E-4
61.7	1.41E-4
61.8	-1.14E-4
61.9	1.8E-4
62	1.28E-4
62.1	4E-4
62.2	1.08E-4
62.3	3.82E-4
62.4	2.21E-4
62.5	1.93E-4
62.6	1.56E-4
62.7	3.58E-4
62.8	4.26E-4
62.9	2.52E-4
63	4.72E-4
63.1	3.68E-4
63.2	7.6E-5
63.3	-1.79E-4
63.4	-6.41E-4
63.5	-0.00115
63.6	-0.00145
63.7	-0.0017
63.8	-0.00176
63.9	-0.00185
64	-0.00159
64.1	-0.00141
64.2	-0.00101
64.3	-6.35E-4
64.4	-2.08E-4
64.5	-6.6E-5
64.6	2.7E-4
64.7	4.83E-4
64.8	5.35E-4
64.9	7.2E-4
65	7.69E-4
65.1	7.79E-4
65.2	7.69E-4
65.3	9.32E-4
65.4	7.74E-4
65.5	8.59E-4
65.6	6.75E-4
65.7	6.14E-4
65.8	5.79E-4
65.9	3.66E-4
66	3.08E-4
66.1	2.91E-4
66.2	2.74E-4
66.3	7.5E-5
66.4	5E-6
66.5	8.1E-5
66.6	4E-5
66.7	-8E-6
66.8	-1.34E-4
66.9	-1.71E-4
67	-1.24E-4
67.1	-1.1E-5
67.2	-5.8E-5
67.3	-2E-4
67.4	-1.85E-4
67.5	-2.26E-4
67.6	5.3E-5
67.7	2.6E-5
67.8	-1.05E-4
67.9	-6.5E-5
68	-2.8E-5
68.1	-9.3E-5
68.2	-1.5E-5
68.3	-8.7E-5
68.4	-1.99E-4
68.5	-1.3E-4
68.6	0
68.7	-6.6E-5
68.8	-1.34E-4
68.9	-4.2E-5
69	-4E-5
69.1	-5.7E-5
69.2	-1.28E-4
69.3	1.1E-5
69.4	-4.1E-5
69.5	6E-6
69.6	-1.13E-4
69.7	2.8E-5
69.8	1.59E-4
69.9	5.9E-5
70	-1.57E-4
70.1	-1.5E-5
70.2	-2.3E-5
70.3	2.4E-5
70.4	-7.1E-5
70.5	-1.09E-4
70.6	-5.4E-5
70.7	5.1E-5
70.8	4E-6
70.9	-6.8E-5
71	1.8E-5
71.1	-1.83E-4
71.2	5.1E-5
71.3	-2.37E-4
71.4	7.8E-5
71.5	4.8E-5
71.6	1E-6
71.7	-1.85E-4
71.8	-1E-4
71.9	1.38E-4
72	1E-4
72.1	-1.62E-4
72.2	4.5E-5
72.3	-1.26E-4
72.4	-3.02E-4
72.5	3.4E-5
72.6	-1.67E-4
72.7	-2.58E-4
72.8	-1.7E-5
72.9	-8.5E-5
73	-1.23E-4
73.1	-7.3E-5
73.2	-1.7E-5
73.3	-1.17E-4
73.4	-6.4E-5
73.5	-7.8E-5
73.6	3.5E-5
73.7	-8E-5
73.8	-1.73E-4
73.9	-8E-5
74	-1.54E-4
74.1	-1.12E-4
74.2	-1.37E-4
74.3	6.8E-5
74.4	-1.65E-4
74.5	8E-6
74.6	-6E-5
74.7	-1.1E-4
74.8	6.2E-5
74.9	4.2E-5
75	5.7E-5
75.1	-1.76E-4
75.2	-1.55E-4
75.3	-1.11E-4
75.4	-9E-6
75.5	-1.2E-4
75.6	-2.8E-5
75.7	-1.06E-4
75.8	2.5E-5
75.9	3.3E-5
76	-1.47E-4
76.1	3.4E-5
76.2	-1.03E-4
76.3	7.3E-5
76.4	-4.5E-5
76.5	-1E-4
76.6	-2.12E-4
76.7	4.2E-5
76.8	-2.36E-4
76.9	-1.31E-4
77	-1.52E-4
77.1	-8.1E-5
77.2	6.1E-5
77.3	-8.6E-5
77.4	-6.7E-5
77.5	2.26E-4
77.6	2.07E-4
77.7	1.49E-4
77.8	1.24E-4
77.9	2.43E-4
78	2.77E-4
78.1	3.95E-4
78.2	2.67E-4
78.3	1.83E-4
78.4	4.9E-5
78.5	1.18E-4
78.6	1.8E-5
78.7	8.3E-5
78.8	-1.31E-4
78.9	-5.6E-5
79	-4.2E-5
79.1	-1.2E-5
79.2	-1.65E-4
79.3	-1.23E-4
79.4	-4.5E-5
79.5	-1.91E-4
79.6	-9E-6
79.7	-3.3E-5
79.8	-1.83E-4
79.9	-2.75E-4
80	-1E-4
80.1	-5.9E-5
80.2	3E-5
80.3	-4.3E-5
80.4	-1.9E-5
80.5	-9.2E-5
80.6	1.21E-4
80.7	1.4E-5
80.8	-6.6E-5
80.9	2.8E-5
81	-7E-6
81.1	7.2E-5
81.2	-1.52E-4
81.3	-1.95E-4
81.4	-2.4E-5
81.5	4.4E-5
81.6	2.9E-5
81.7	-1.6E-5
81.8	1.34E-4
81.9	6.1E-5
82	7E-5
82.1	-1.21E-4
82.2	-9.9E-5
82.3	-2.8E-5
82.4	1.03E-4
82.5	6.5E-5
82.6	-1.32E-4
82.7	-1.52E-4
82.8	-1.2E-4
82.9	-8.5E-5
83	8.7E-5
83.1	-9.3E-5
83.2	-2.14E-4
83.3	-1.74E-4
83.4	-7.2E-5
83.5	-2.7E-5
83.6	4.4E-5
83.7	-7.7E-5
83.8	-1.06E-4
83.9	-8E-5
84	-7.1E-5
84.1	6.7E-5
84.2	1.01E-4
84.3	-5.7E-5
84.4	-1.59E-4
84.5	-9E-6
84.6	-2.08E-4
84.7	4.8E-5
84.8	-1.1E-5
84.9	-9.8E-5
85	-2.48E-4
85.1	9.7E-5
85.2	7.5E-5
85.3	-2.3E-5
85.4	-5E-5
85.5	2.6E-5
85.6	2.2E-5
85.7	1.16E-4
85.8	-1.66E-4
85.9	-6E-6
86	-6.4E-5
86.1	3E-6
86.2	-4E-5
86.3	-4.5E-5
86.4	-9.7E-5
86.5	-5.7E-5
86.6	2.4E-5
86.7	-1.27E-4
86.8	1.2E-5
86.9	-7.9E-5
87	8.4E-5
87.1	1E-4
87.2	-1.9E-5
87.3	-1.97E-4
87.4	-3E-6
87.5	-1.74E-4
87.6	1.37E-4
87.7	-1E-5
87.8	-7.7E-5
87.9	1.64E-4
88	-2.1E-5
88.1	-9.1E-5
88.2	5.2E-5
88.3	-1.6E-5
88.4	-4.8E-5
88.5	-1.6E-5
88.6	-1.59E-4
88.7	-1.36E-4
88.8	-1.76E-4
88.9	1.8E-5
89	-2.9E-5
89.1	-2.4E-5
89.2	-1.09E-4
89.3	7E-5
89.4	4.5E-5
89.5	1.2E-5
89.6	2.13E-4
89.7	5.2E-5
89.8	-5.4E-5
89.9	-1.38E-4
90	-8E-6
90.1	-4.5E-5
90.2	1.1E-5
90.3	1E-5
90.4	-1.19E-4
90.5	-4.5E-5
90.6	-5.6E-5
90.7	1.1E-4
90.8	-8.9E-5
90.9	-1.16E-4
91	-1.42E-4
91.1	-3.9E-5
91.2	-3.9E-5
91.3	9.5E-5
91.4	-3.7E-5
91.5	8.6E-5
91.6	-1.79E-4
91.7	-1.6E-5
91.8	-7.3E-5
91.9	-2.71E-4
92	-1.75E-4
92.1	-7.8E-5
92.2	-1.03E-4
92.3	-3.4E-5
92.4	-1.27E-4
92.5	-1.45E-4
92.6	-7E-5
92.7	-9.3E-5
92.8	-4E-6
92.9	7.8E-5
93	-8.9E-5
93.1	-4.7E-5
93.2	-1.36E-4
93.3	1.2E-5
93.4	4.3E-5
93.5	-2.3E-5
93.6	-9.5E-5
93.7	-1.5E-5
93.8	-3E-5
93.9	-3.1E-5
94	1.92E-4
94.1	-6.7E-5
94.2	-7.2E-5
94.3	-1.24E-4
94.4	-3.6E-5
94.5	-2.3E-5
94.6	-1.2E-4
94.7	-9E-5
94.8	-2.4E-4
94.9	-3.7E-5
95	-1.6E-5
95.1	-1.86E-4
95.2	-1.53E-4
95.3	-8.6E-5
95.4	7E-5
95.5	-1.84E-4
95.6	-7.4E-5
95.7	-2E-5
95.8	6.4E-5
95.9	-7.1E-5
96	-9.2E-5
96.1	1.7E-5
96.2	9E-5
96.3	-1.18E-4
96.4	4E-6
96.5	-1E-5
96.6	7.1E-5
96.7	1.6E-4
96.8	-8.1E-5
96.9	-6.3E-5
97	-1.17E-4
97.1	1E-6
97.2	-1.13E-4
97.3	6.3E-5
97.4	2.02E-4
97.5	-3.3E-5
97.6	-6.2E-5
97.7	-7.4E-5
97.8	-1.55E-4
97.9	8.1E-5
98	-1.38E-4
98.1	2.9E-5
98.2	-1.96E-4
98.3	4E-6
98.4	-1.22E-4
98.5	-3.4E-4
98.6	2.1E-5
98.7	-1.27E-4
98.8	-1.98E-4
98.9	-8.7E-5
99	-3.07E-4
99.1	-1.84E-4
99.2	-2.17E-4
99.3	-2.12E-4
99.4	-1.19E-4
99.5	-1.75E-4
99.6	-2.24E-4
99.7	-3.22E-4
99.8	-3.76E-4
99.9	-1.55E-4
100	-2.1E-5
100.1	-1.68E-4
100.2	-2.76E-4
100.3	-2.25E-4
100.4	-1.64E-4
100.5	-5.6E-5
100.6	-2.33E-4
100.7	-1.78E-4
100.8	-1.1E-5
100.9	-1.49E-4
101	-1.53E-4
101.1	-6.9E-5
101.2	-3.6E-5
101.3	-4.9E-5
101.4	-8.3E-5
101.5	8E-6
101.6	-1.62E-4
101.7	-8.4E-5
101.8	-1.71E-4
101.9	-3.7E-5
102	2E-6
102.1	-6.5E-5
102.2	-6.4E-5
102.3	-3.4E-5
102.4	-9.3E-5
102.5	-5.2E-5
102.6	-1.07E-4
102.7	1.4E-5
102.8	4E-5
102.9	4.3E-5
103	2.8E-5
103.1	1.05E-4
103.2	5.7E-5
103.3	1.27E-4
103.4	-4E-6
103.5	-5.2E-5
103.6	-4.7E-5
103.7	2E-6
103.8	-1.05E-4
103.9	-4.7E-5
104	1.11E-4
104.1	-2.8E-4
104.2	-2.42E-4
104.3	1.35E-4
104.4	-1.83E-4
104.5	-9E-5
104.6	-6.3E-5
104.7	3.3E-5
104.8	-7E-5
104.9	-5.9E-5
105	6.3E-5
105.1	-2E-5
105.2	-1.1E-5
105.3	-1.93E-4
105.4	-2.7E-5
105.5	-8.9E-5
105.6	6.7E-5
105.7	-1.02E-4
105.8	-1E-4
105.9	1E-6
106	-1.22E-4
106.1	2.1E-5
106.2	-1.61E-4
106.3	-1.7E-5
106.4	3.4E-5
106.5	-1.51E-4
106.6	1.25E-4
106.7	0
106.8	-2E-6
106.9	-5.9E-5
107	9.7E-5
107.1	-2.07E-4
107.2	6E-6
107.3	5.7E-5
107.4	-1.74E-4
107.5	7.6E-5
107.6	-1.11E-4
107.7	-6E-6
107.8	-4E-5
107.9	-2.9E-5
108	-1.33E-4
108.1	2E-5
108.2	7.3E-5
108.3	-8.6E-5
108.4	-9.1E-5
108.5	5E-6
108.6	0
108.7	1.02E-4
108.8	9.7E-5
108.9	-4E-5
109	-1.6E-5
109.1	-3.3E-5
109.2	-9.6E-5
109.3	-2.1E-5
109.4	-1E-4
109.5	-6E-6
109.6	-4.1E-5
109.7	-8E-5
109.8	7.5E-5
109.9	-3.3E-5
110	-7E-6
110.1	-1.43E-4
110.2	-1.41E-4
110.3	-3.7E-5
110.4	3.1E-5
110.5	-1.31E-4
110.6	-1.63E-4
110.7	-8.3E-5
110.8	-4.3E-5
110.9	8.8E-5
111	-4.6E-5
111.1	2.1E-5
111.2	-6E-5
111.3	-1.9E-5
111.4	-6E-6
111.5	-1.71E-4
111.6	-9.2E-5
111.7	-1.11E-4
111.8	-8.2E-5
111.9	-2.5E-5
112	-1.68E-4
112.1	1.58E-4
112.2	-2.9E-5
112.3	-2.48E-4
112.4	-1.81E-4
112.5	1.51E-4
112.6	-2.9E-5
112.7	-8.3E-5
112.8	-6E-5
112.9	3.7E-5
113	-8.5E-5
113.1	3.7E-5
113.2	-1.43E-4
113.3	-1.02E-4
113.4	-8.5E-5
113.5	-1.16E-4
113.6	-6.5E-5
113.7	-1.03E-4
113.8	-9E-5
113.9	6.3E-5
114	-1.87E-4
114.1	-7.7E-5
114.2	-1.5E-5
114.3	1.7E-4
114.4	-2.4E-5
114.5	-6.4E-5
114.6	-7.2E-5
114.7	2.15E-4
114.8	7.7E-5
114.9	1E-6
115	-1.6E-5
115.1	-7.6E-5
115.2	2.98E-4
115.3	1.04E-4
115.4	1.3E-4
115.5	1.4E-5
115.6	1.42E-4
115.7	-6.4E-5
115.8	-1.24E-4
115.9	3.1E-5
116	9.8E-5
116.1	3.8E-5
116.2	1.5E-4
116.3	-1.25E-4
116.4	-4E-5
116.5	9.1E-5
116.6	7.3E-5
116.7	-7E-5
116.8	-1.31E-4
116.9	9E-5
117	-1.45E-4
117.1	-7.2E-5
117.2	-4E-6
117.3	-7.3E-5
117.4	1.48E-4
117.5	-1.3E-5
117.6	-7.9E-5
117.7	-1.47E-4
117.8	5.8E-5
117.9	-8.5E-5
118	1E-5
118.1	7.1E-5
118.2	1E-6
118.3	1.36E-4
118.4	-8.7E-5
118.5	-1.3E-4
118.6	3.4E-5
118.7	-5.3E-5
118.8	1E-6
118.9	-1.96E-4
119	-9E-5
119.1	-2E-6
119.2	3.2E-5
119.3	-9.2E-5
119.4	-3.8E-5
119.5	5.5E-5
119.6	-5E-6
119.7	-6.1E-5
119.8	-1.28E-4
119.9	1.05E-4
120	-4.3E-5
120.1	-2.6E-5
120.2	-2.02E-4
120.3	2.6E-5
120.4	-6.6E-5
120.5	-6E-6
120.6	1.43E-4
120.7	-2.18E-4
120.8	-6.2E-5
120.9	3E-5
121	-1.76E-4
121.1	-7.4E-5
121.2	-1.23E-4
121.3	-2.1E-5
121.4	4.7E-5
121.5	-1.2E-4
121.6	-5.5E-5
121.7	1.05E-4
121.8	2.5E-5
121.9	-4.8E-5
122	2.05E-4
122.1	-5.6E-5
122.2	-1.09E-4
122.3	-1.9E-5
122.4	-5.8E-5
122.5	-9.8E-5
122.6	-7.1E-5
122.7	7.7E-5
122.8	-1.27E-4
122.9	-2E-6
123	-1.84E-4
123.1	-5.9E-5
123.2	-2.81E-4
123.3	-1.1E-5
123.4	-6.5E-5
123.5	-4.8E-5
123.6	-1.96E-4
123.7	-1.12E-4
123.8	-1.82E-4
123.9	-1.51E-4
124	-5.5E-5
124.1	-5.7E-5
124.2	-1.92E-4
124.3	-7.2E-5
124.4	2.8E-5
124.5	-9E-5
124.6	-2.68E-4
124.7	7.7E-5
124.8	-1.04E-4
124.9	-1.11E-4
125	-4.6E-5
125.1	6E-5
125.2	8.7E-5
125.3	-1.3E-5
125.4	-6.3E-5
125.5	4.7E-5
125.6	-1.76E-4
125.7	-2.09E-4
125.8	-1.5E-4
125.9	5.6E-5
126	-3E-5
126.1	-6.9E-5
126.2	-8E-6
126.3	1.2E-4
126.4	-6.3E-5
126.5	-4E-5
126.6	5E-6
126.7	-1E-4
126.8	-8.4E-5
126.9	7.6E-5
127	3.7E-5
127.1	-4.7E-5
127.2	-5E-5
127.3	-1.52E-4
127.4	2E-5
127.5	-1.56E-4
127.6	-7.4E-5
127.7	9.8E-5
127.8	-1.6E-5
127.9	-1.4E-4
128	6.3E-5
128.1	6.8E-5
128.2	7.1E-5
128.3	3.7E-5
128.4	-7.9E-5
128.5	-2.1E-5
128.6	9.2E-5
128.7	5.6E-5
128.8	-7.6E-5
128.9	-1.87E-4
129	-1.2E-5
129.1	-4E-5
129.2	8.3E-5
129.3	3.5E-5
129.4	1.27E-4
129.5	-1.2E-5
129.6	-1E-6
129.7	-5E-5
129.8	-5.4E-5
129.9	-2.7E-5
130	-7.6E-5
130.1	-9.7E-5
130.2	-4.7E-5
130.3	-2.35E-4
130.4	-5.2E-5
130.5	-6.6E-5
130.6	-1.91E-4
130.7	-1.53E-4
130.8	-1.49E-4
130.9	-1.76E-4
131	-1.36E-4
131.1	-2.58E-4
131.2	7E-5
131.3	-1.15E-4
131.4	6.4E-5
131.5	-8.4E-5
131.6	-1.07E-4
131.7	-1E-4
131.8	-8.6E-5
131.9	2.3E-5
132	-1.37E-4
132.1	-2.77E-4
132.2	-1.45E-4
132.3	-1.56E-4
132.4	-1.46E-4
132.5	-1.73E-4
132.6	-5.2E-5
132.7	-7E-5
132.8	-1.65E-4
132.9	-1.66E-4
133	6.4E-5
133.1	-1.17E-4
133.2	-7.1E-5
133.3	-6.7E-5
133.4	-1.9E-5
133.5	-6.8E-5
133.6	-9.6E-5
133.7	-1.96E-4
133.8	-2.2E-4
133.9	-2.23E-4
134	-1.02E-4
134.1	-1.91E-4
134.2	-2.85E-4
134.3	-3.46E-4
134.4	-5.4E-5
134.5	-3.42E-4
134.6	-2.81E-4
134.7	-2.76E-4
134.8	-3.05E-4
134.9	-3.63E-4
135	-3.87E-4
135.1	-4.16E-4
135.2	-4.14E-4
135.3	-6.41E-4
135.4	-4.6E-4
135.5	-6.67E-4
135.6	-6.67E-4
135.7	-6.17E-4
135.8	-6.12E-4
135.9	-5.63E-4
136	-6.51E-4
136.1	-7.93E-4
136.2	-7.74E-4
136.3	-7.99E-4
136.4	-8.01E-4
136.5	-8.7E-4
136.6	-7.9E-4
136.7	-8.68E-4
136.8	-8.85E-4
136.9	-8.35E-4
137	-8.8E-4
137.1	-7.29E-4
137.2	-7.38E-4
137.3	-7.02E-4
137.4	-6.48E-4
137.5	-4.29E-4
137.6	-4.69E-4
137.7	-3.5E-5
137.8	3.41E-4
137.9	4.71E-4
138	9.69E-4
138.1	0.00146
138.2	0.00192
138.3	0.00251
138.4	0.00318
138.5	0.00386
138.6	0.00492
138.7	0.00589
138.8	0.00704
138.9	0.00807
139	0.00937
139.1	0.01065
139.2	0.01211
139.3	0.01366
139.4	0.01513
139.5	0.01649
139.6	0.01812
139.7	0.01974
139.8	0.02117
139.9	0.02245
140	0.02384
140.1	0.02514
140.2	0.02618
140.3	0.02704
140.4	0.02744
140.5	0.02806
140.6	0.02814
140.7	0.02794
140.8	0.02754
140.9	0.02661
141	0.02568
141.1	0.024
141.2	0.02234
141.3	0.0199
141.4	0.0173
141.5	0.01341
141.6	0.00817
141.7	5.13E-4
141.8	-0.01182
141.9	-0.0306
142	-0.05734
142.1	-0.09102
142.2	-0.12849
142.3	-0.1649
142.4	-0.19356
142.5	-0.20893
142.6	-0.20788
142.7	-0.19156
142.8	-0.16314
142.9	-0.127
143	-0.08741
143.1	-0.04747
143.2	-0.00938
143.3	0.0256
143.4	0.05608
143.5	0.08101
143.6	0.10007
143.7	0.11345
143.8	0.12151
143.9	0.12481
144	0.12344
144.1	0.11812
144.2	0.10963
144.3	0.09837
144.4	0.08579
144.5	0.07289
144.6	0.06029
144.7	0.04843
144.8	0.03772
144.9	0.02815
145	0.01978
145.1	0.01282
145.2	0.00665
145.3	0.00177
145.4	-0.00231
145.5	-0.0058
145.6	-0.00826
145.7	-0.0101
145.8	-0.01123
145.9	-0.01201
146	-0.01265
146.1	-0.01284
146.2	-0.01295
146.3	-0.01241
146.4	-0.0122
146.5	-0.01132
146.6	-0.01066
146.7	-0.01072
146.8	-0.01123
146.9	-0.01193
147	-0.01249
147.1	-0.01258
147.2	-0.01187
147.3	-0.0104
147.4	-0.00811
147.5	-0.0053
147.6	-0.00264
147.7	-1.65E-4
147.8	0.00216
147.9	0.00394
148	0.0054
148.1	0.00636
148.2	0.00691
148.3	0.00752
148.4	0.0078
148.5	0.00787
148.6	0.00782
148.7	0.00762
148.8	0.00712
148.9	0.00629
149	0.00519
149.1	0.00364
149.2	0.00229
149.3	9.17E-4
149.4	-2.47E-4
149.5	-9.49E-4
149.6	-0.00126
149.7	-0.00128
149.8	-0.0014
149.9	-0.00128
150	-0.00106
150.1	-0.0011
150.2	-0.0012
150.3	-0.00182
150.4	-0.002
150.5	-0.00268
150.6	-0.00327
150.7	-0.00385
150.8	-0.00466
150.9	-0.005
151	-0.00599
151.1	-0.00677
151.2	-0.00742
151.3	-0.00816
151.4	-0.00827
151.5	-0.00818
151.6	-0.00809
151.7	-0.00751
151.8	-0.00705
151.9	-0.00632
152	-0.00565
152.1	-0.00504
152.2	-0.00435
152.3	-0.00379
152.4	-0.00337
152.5	-0.00272
152.6	-0.00241
152.7	-0.00213
152.8	-0.00186
152.9	-0.00156
153	-0.00145
153.1	-0.00136
153.2	-0.00126
153.3	-0.00129
153.4	-0.00148
153.5	-0.00171
153.6	-0.00196
153.7	-0.00218
153.8	-0.00255
153.9	-0.00296
154	-0.0033
154.1	-0.00342
154.2	-0.0034
154.3	-0.00334
154.4	-0.00347
154.5	-0.00336
154.6	-0.00313
154.7	-0.003
154.8	-0.00309
154.9	-0.00261
155	-0.00232
155.1	-0.00192
155.2	-0.00165
155.3	-0.00128
155.4	-0.00105
155.5	-6.34E-4
155.6	-5.71E-4
155.7	-2.56E-4
155.8	9.21E-4
155.9	0.00229
156	0.00458
156.1	0.00795
156.2	0.01216
156.3	0.01747
156.4	0.0225
156.5	0.02653
156.6	0.02898
156.7	0.0294
156.8	0.02762
156.9	0.02389
157	0.01892
157.1	0.01341
157.2	0.00776
157.3	0.00184
157.4	-0.00322
157.5	-0.00779
157.6	-0.01159
157.7	-0.0143
157.8	-0.01619
157.9	-0.01719
158	-0.0177
158.1	-0.01718
158.2	-0.01676
158.3	-0.01555
158.4	-0.01389
158.5	-0.01193
158.6	-0.00961
158.7	-0.00741
158.8	-0.00581
158.9	-0.00427
159	-0.00329
159.1	-0.0023
159.2	-0.00164
159.3	-9.23E-4
159.4	2.8E-5
159.5	8.06E-4
159.6	0.00145
159.7	0.00202
159.8	0.00231
159.9	0.00265
160	0.00265
160.1	0.0028
160.2	0.00277
160.3	0.00306
160.4	0.00334
160.5	0.00346
160.6	0.00339
160.7	0.00324
160.8	0.00317
160.9	0.00306
161	0.00264
161.1	0.00261
161.2	0.00252
161.3	0.00259
161.4	0.00221
161.5	0.00215
161.6	0.00153
161.7	0.00137
161.8	9.84E-4
161.9	5.2E-4
162	3.22E-4
162.1	6.63E-4
162.2	7.1E-4
162.3	7.97E-4
162.4	7.58E-4
162.5	6.48E-4
162.6	3.31E-4
162.7	-3.48E-4
162.8	-4.68E-4
162.9	-7.67E-4
163	-9.09E-4
163.1	-0.00106
163.2	-0.00113
163.3	-0.00134
163.4	-0.00148
163.5	-0.00149
163.6	-0.0017
163.7	-0.00187
163.8	-0.00196
163.9	-0.00221
164	-0.00216
164.1	-0.00247
164.2	-0.00285
164.3	-0.0028
164.4	-0.00308
164.5	-0.00319
164.6	-0.0034
164.7	-0.00342
164.8	-0.00324
164.9	-0.00305
165	-0.00306
165.1	-0.00294
165.2	-0.0026
165.3	-0.00272
165.4	-0.00263
165.5	-0.00262
165.6	-0.00251
165.7	-0.00232
165.8	-0.00241
165.9	-0.00247
166	-0.00228
166.1	-0.00227
166.2	-0.0021
166.3	-0.00201
166.4	-0.00143
166.5	-0.00114
166.6	-7.49E-4
166.7	-1.66E-4
166.8	2.48E-4
166.9	8.25E-4
167	0.00141
167.1	0.00227
167.2	0.00262
167.3	0.00342
167.4	0.00407
167.5	0.00454
167.6	0.00498
167.7	0.00536
167.8	0.00558
167.9	0.00586
168	0.00607
168.1	0.00593
168.2	0.00596
168.3	0.00562
168.4	0.00531
168.5	0.00502
168.6	0.00487
168.7	0.00467
168.8	0.00426
168.9	0.0038
169	0.00317
169.1	0.00268
169.2	0.00226
169.3	0.00159
169.4	0.00118
169.5	5.77E-4
169.6	6.1E-5
169.7	-1.9E-5
169.8	-7.02E-4
169.9	-0.00109
170	-0.00163
170.1	-0.00221
170.2	-0.00291
170.3	-0.0035
170.4	-0.00428
170.5	-0.00486
170.6	-0.00562
170.7	-0.0058
170.8	-0.0059
170.9	-0.00551
171	-0.00495
171.1	-0.00418
171.2	-0.00335
171.3	-0.00242
171.4	-0.00147
171.5	-3.03E-4
171.6	3.89E-4
171.7	7.83E-4
171.8	0.00118
171.9	0.00137
172	0.00134
172.1	0.00132
172.2	0.00122
172.3	0.00133
172.4	0.0014
172.5	0.00116
172.6	0.00117
172.7	8.47E-4
172.8	6.57E-4
172.9	7.14E-4
173	5.43E-4
173.1	2.3E-4
173.2	2.14E-4
173.3	1.48E-4
173.4	-1.31E-4
173.5	-4.74E-4
173.6	-5.46E-4
173.7	-0.00106
173.8	-0.00133
173.9	-0.00159
174	-0.00157
174.1	-0.00156
174.2	-0.0014
174.3	-0.00123
174.4	-0.00135
174.5	-0.00125
174.6	-0.00129
174.7	-0.00123
174.8	-9.91E-4
174.9	-6.28E-4
175	-1.58E-4
175.1	-4.2E-5
175.2	6.2E-5
175.3	5.19E-4
175.4	5.45E-4
175.5	9.85E-4
175.6	0.00123
175.7	0.00148
175.8	0.00186
175.9	0.00237
176	0.00272
176.1	0.0028
176.2	0.00305
176.3	0.00306
176.4	0.0032
176.5	0.00296
176.6	0.00284
176.7	0.00286
176.8	0.00281
176.9	0.00253
177	0.00241
177.1	0.00224
177.2	0.00187
177.3	0.00147
177.4	0.00106
177.5	3.64E-4
177.6	3.07E-4
177.7	-1.65E-4
177.8	-4.11E-4
177.9	-6.66E-4
178	-0.00115
178.1	-0.00112
178.2	-0.00128
178.3	-0.00123
178.4	-0.00115
178.5	-0.0012
178.6	-0.00104
178.7	-8.72E-4
178.8	-9.45E-4
178.9	-0.00104
179	-7.6E-4
179.1	-9.24E-4
179.2	-0.00107
179.3	-8.2E-4
179.4	-6.85E-4
179.5	-7.64E-4
179.6	-2.81E-4
179.7	-1.64E-4
179.8	4.2E-5
179.9	2.11E-4
180	1.51E-4
180.1	-8.9E-5
180.2	3.07E-4
180.3	6.2E-5
180.4	-8E-5
180.5	-1.13E-4
180.6	-3.77E-4
180.7	-2.18E-4
180.8	-5.34E-4
180.9	-9.69E-4
181	-0.00108
181.1	-0.00111
181.2	-0.00142
181.3	-0.00158
181.4	-0.00138
181.5	-0.00165
181.6	-0.00164
181.7	-0.00155
181.8	-0.0015
181.9	-0.0013
182	-0.00135
182.1	-0.00125
182.2	-7.68E-4
182.3	-0.00107
182.4	-0.00105
182.5	-0.00102
182.6	-7.43E-4
182.7	-7.8E-4
182.8	-7.72E-4
182.9	-8.75E-4
183	-0.001
183.1	-0.00104
183.2	-0.00102
183.3	-9.61E-4
183.4	-6.22E-4
183.5	-4.69E-4
183.6	-2.41E-4
183.7	-1.04E-4
183.8	-3.36E-4
183.9	-1.31E-4
184	-1.16E-4
184.1	-1.22E-4
184.2	-1.82E-4
184.3	-5.4E-5
184.4	-1.27E-4
184.5	7.3E-5
184.6	7E-5
184.7	-1.3E-5
184.8	1.28E-4
184.9	1.5E-4
185	1.71E-4
185.1	2.99E-4
185.2	3.18E-4
185.3	2.38E-4
185.4	2.67E-4
185.5	1.97E-4
185.6	1.61E-4
185.7	6.7E-5
185.8	-1.84E-4
185.9	-2.04E-4
186	-1.07E-4
186.1	-2.55E-4
186.2	2.7E-5
186.3	-1.09E-4
186.4	-7.8E-5
186.5	-8.8E-5
186.6	-3.53E-4
186.7	-3.52E-4
186.8	-2.05E-4
186.9	4.1E-5
187	4.86E-4
187.1	6.66E-4
187.2	9.62E-4
187.3	7.95E-4
187.4	9.34E-4
187.5	9.77E-4
187.6	0.00109
187.7	0.00117
187.8	0.00129
187.9	0.00128
188	0.00134
188.1	0.00133
188.2	0.00106
188.3	0.00101
188.4	7.67E-4
188.5	6.29E-4
188.6	7.46E-4
188.7	8.86E-4
188.8	0.00112
188.9	0.00111
189	9.65E-4
189.1	9.76E-4
189.2	8.55E-4
189.3	4.23E-4
189.4	3.44E-4
189.5	1.86E-4
189.6	-5.2E-5
189.7	-1.13E-4
189.8	-5.34E-4
189.9	-0.00104
190	-0.00122
190.1	-0.0014
190.2	-0.00174
190.3	-0.00184
190.4	-0.00171
190.5	-0.00166
190.6	-0.00165
190.7	-0.00148
190.8	-0.00153
190.9	-0.00152
191	-0.00153
191.1	-0.00152
191.2	-0.00163
191.3	-0.00158
191.4	-0.00155
191.5	-0.00139
191.6	-0.00131
191.7	-0.00135
191.8	-0.00114
191.9	-8.04E-4
192	-7.81E-4
192.1	-5.91E-4
192.2	-2.6E-4
192.3	3.02E-4
192.4	8.24E-4
192.5	0.00102
192.6	0.00149
192.7	0.00178
192.8	0.0021
192.9	0.00216
193	0.00232
193.1	0.00209
193.2	0.00198
193.3	0.00194
193.4	0.00173
193.5	0.00141
193.6	0.00115
193.7	8.36E-4
193.8	5.04E-4
193.9	2.89E-4
194	3.27E-4
194.1	1.09E-4
194.2	3E-5
194.3	3.5E-5
194.4	-6.8E-5
194.5	-1.21E-4
194.6	-2.46E-4
194.7	-4.36E-4
194.8	-4.63E-4
194.9	-5.53E-4
195	-4.6E-4
195.1	-3.88E-4
195.2	-6.5E-5
195.3	-1.2E-4
195.4	2.85E-4
195.5	3.63E-4
195.6	6.68E-4
195.7	5.02E-4
195.8	8.86E-4
195.9	0.00104
196	0.00114
196.1	0.00152
196.2	0.00188
196.3	0.00198
196.4	0.00218
196.5	0.00221
196.6	0.00219
196.7	0.00232
196.8	0.0023
196.9	0.00213
197	0.0017
197.1	0.00142
197.2	8.46E-4
197.3	-3.3E-5
197.4	-6.98E-4
197.5	-0.00157
197.6	-0.0021
197.7	-0.00258
197.8	-0.00277
197.9	-0.00291
198	-0.00281
198.1	-0.00275
198.2	-0.00263
198.3	-0.00248
198.4	-0.00236
198.5	-0.00206
198.6	-0.00186
198.7	-0.00159
198.8	-0.00125
198.9	-9.57E-4
199	-7.06E-4
199.1	-3.79E-4
199.2	-2.37E-4
199.3	-1.73E-4
199.4	-1.58E-4
199.5	-1.67E-4
199.6	-8.4E-5
199.7	1.07E-4
199.8	1.29E-4
199.9	1.78E-4
200	-5.1E-5
200.1	-4.2E-5
200.2	-1.92E-4
200.3	-2.82E-4
200.4	-3.06E-4
200.5	-3.14E-4
200.6	-2.49E-4
200.7	1.06E-4
200.8	-9.1E-5
200.9	4.7E-5
201	2.15E-4
201.1	-5.8E-5
201.2	-2.7E-4
201.3	-2.9E-5
201.4	-5E-5
201.5	-1.73E-4
201.6	2E-5
201.7	-8.9E-5
201.8	2.28E-4
201.9	-7E-6
202	1.6E-5
202.1	-3.86E-4
202.2	-3.39E-4
202.3	-2.11E-4
202.4	7E-5
202.5	-2.1E-5
202.6	1.97E-4
202.7	1.77E-4
202.8	2.56E-4
202.9	1.81E-4
203	3.52E-4
203.1	3.93E-4
203.2	5.36E-4
203.3	8.31E-4
203.4	9.67E-4
203.5	8.91E-4
203.6	9.85E-4
203.7	9.41E-4
203.8	8.39E-4
203.9	4.75E-4
204	4.98E-4
204.1	5.45E-4
204.2	4.88E-4
204.3	2.58E-4
204.4	3.32E-4
204.5	1.49E-4
204.6	-5.8E-5
204.7	-5.6E-5
204.8	-1.03E-4
204.9	-3.09E-4
205	-1.17E-4
205.1	-9.8E-5
205.2	-7.9E-5
205.3	-8.5E-5
205.4	-2.04E-4
205.5	-2.59E-4
205.6	-4.31E-4
205.7	-5.74E-4
205.8	-2.95E-4
205.9	-8.76E-4
206	-8.06E-4
206.1	-7.65E-4
206.2	-7.41E-4
206.3	-9.54E-4
206.4	-9.84E-4
206.5	-9.69E-4
206.6	-0.00103
206.7	-0.00108
206.8	-0.00103
206.9	-7.63E-4
207	-7.57E-4
207.1	-5.53E-4
207.2	-3.09E-4
207.3	-1.13E-4
207.4	-2.2E-5
207.5	-1.77E-4
207.6	1.69E-4
207.7	3.13E-4
207.8	4.95E-4
207.9	3.28E-4
208	3.22E-4
208.1	4.57E-4
208.2	4.95E-4
208.3	7.35E-4
208.4	5.85E-4
208.5	7.47E-4
208.6	8.1E-4
208.7	0.00122
208.8	0.00132
208.9	0.0014
209	0.00139
209.1	0.00169
209.2	0.00158
209.3	0.00119
209.4	0.00128
209.5	0.0013
209.6	0.0012
209.7	7.43E-4
209.8	9.18E-4
209.9	6.31E-4
210	6.75E-4
210.1	4.47E-4
210.2	2.17E-4
210.3	-8.8E-5
210.4	-2.01E-4
210.5	-3.58E-4
210.6	-6.06E-4
210.7	-8.23E-4
210.8	-9.6E-4
210.9	-0.00126
211	-0.00105
211.1	-0.00138
211.2	-0.00139
211.3	-0.00107
211.4	-0.00115
211.5	-9.91E-4
211.6	-7.63E-4
211.7	-5.78E-4
211.8	-7.7E-5
211.9	1E-4
212	5.5E-5
212.1	1.68E-4
212.2	2.46E-4
212.3	5.83E-4
212.4	6.95E-4
212.5	6.4E-4
212.6	6.87E-4
212.7	5.62E-4
212.8	3.79E-4
212.9	2.72E-4
213	2.28E-4
213.1	1.32E-4
213.2	-6.7E-5
213.3	-5E-6
213.4	-3.45E-4
213.5	-1.39E-4
213.6	-1.09E-4
213.7	-2.89E-4
213.8	-4.3E-4
213.9	-2.74E-4
214	-3.69E-4
214.1	-2.09E-4
214.2	-1.89E-4
214.3	-2.7E-4
214.4	-3.08E-4
214.5	-2.02E-4
214.6	-2.64E-4
214.7	-2.88E-4
214.8	-5.58E-4
214.9	-4.24E-4
215	-5.9E-4
215.1	-6E-4
215.2	-7.11E-4
215.3	-5.55E-4
215.4	-3.89E-4
215.5	-4.1E-4
215.6	-5.1E-4
215.7	-7.7E-4
215.8	-7.42E-4
215.9	-7.79E-4
216	-6.42E-4
216.1	-5.67E-4
216.2	-7.2E-4
216.3	-6.04E-4
216.4	-6.5E-4
216.5	-8.33E-4
216.6	-8.72E-4
216.7	-0.00103
216.8	-0.00118
216.9	-9.02E-4
217	-8.67E-4
217.1	-7.79E-4
217.2	-7.78E-4
217.3	-6.98E-4
217.4	-5.34E-4
217.5	-5.48E-4
217.6	-2.42E-4
217.7	5.4E-5
217.8	4.25E-4
217.9	3.95E-4
218	6.63E-4
218.1	9.38E-4
218.2	8.39E-4
218.3	7.48E-4
218.4	7.52E-4
218.5	7.48E-4
218.6	7.04E-4
218.7	5.39E-4
218.8	4.87E-4
218.9	7.71E-4
219	8.01E-4
219.1	9.34E-4
219.2	0.00125
219.3	0.00149
219.4	0.00169
219.5	0.00206
219.6	0.00215
219.7	0.00229
219.8	0.00223
219.9	0.0021
220	0.00189
220.1	0.00155
220.2	0.00146
220.3	0.00106
220.4	8.61E-4
220.5	6.3E-4
220.6	5.59E-4
220.7	1.91E-4
220.8	2.01E-4
220.9	1.46E-4
221	1.4E-5
221.1	-1.67E-4
221.2	-4.64E-4
221.3	-6.97E-4
221.4	-0.00114
221.5	-0.0018
221.6	-0.0028
221.7	-0.00381
221.8	-0.00468
221.9	-0.00525
222	-0.00572
222.1	-0.00543
222.2	-0.0044
222.3	-0.00314
222.4	-0.00171
222.5	-5.44E-4
222.6	4.15E-4
222.7	0.00111
222.8	0.00165
222.9	0.00182
223	0.0018
223.1	0.00181
223.2	0.00172
223.3	0.00153
223.4	0.0013
223.5	0.00119
223.6	8.78E-4
223.7	0.001
223.8	7.75E-4
223.9	6.89E-4
224	7.19E-4
224.1	5.65E-4
224.2	6.55E-4
224.3	5.53E-4
224.4	6.22E-4
224.5	2.45E-4
224.6	4.05E-4
224.7	2.57E-4
224.8	1.8E-5
224.9	-4.6E-5
225	-3.5E-5
225.1	-1.15E-4
225.2	-5.7E-5
225.3	-1.18E-4
225.4	-2.44E-4
225.5	-2.59E-4
225.6	-2.41E-4
225.7	-4.54E-4
225.8	-5.63E-4
225.9	-3.5E-4
226	-1.46E-4
226.1	-6.3E-5
226.2	-1.1E-4
226.3	-3.12E-4
226.4	-2.25E-4
226.5	-2.31E-4
226.6	-3.31E-4
226.7	-2.91E-4
226.8	-2.47E-4
226.9	-2.3E-4
227	-2.27E-4
227.1	-2.88E-4
227.2	-1.3E-4
227.3	-1.53E-4
227.4	-2.91E-4
227.5	-2.79E-4
227.6	-2.91E-4
227.7	-2.95E-4
227.8	-4.31E-4
227.9	-3.31E-4
228	-3.88E-4
228.1	-3.75E-4
228.2	-5E-5
228.3	2.2E-4
228.4	2.64E-4
228.5	7.04E-4
228.6	9.64E-4
228.7	0.00103
228.8	0.00139
228.9	0.00146
229	0.00157
229.1	0.00175
229.2	0.00157
229.3	0.00147
229.4	0.00129
229.5	0.00112
229.6	6.13E-4
229.7	6.29E-4
229.8	3.29E-4
229.9	2.32E-4
230	6.9E-5
230.1	-9.4E-5
230.2	-6.8E-5
230.3	-1.1E-5
230.4	-1.34E-4
230.5	-2.04E-4
230.6	-1.82E-4
230.7	-1.2E-5
230.8	7.5E-5
230.9	3.4E-5
231	1.31E-4
231.1	8E-5
231.2	2.07E-4
231.3	2.42E-4
231.4	7.7E-5
231.5	4.6E-5
231.6	8E-6
231.7	-4.3E-5
231.8	-6.9E-5
231.9	-5.2E-5
232	-2.04E-4
232.1	-4.09E-4
232.2	-4.51E-4
232.3	-6.51E-4
232.4	-7.72E-4
232.5	-7.18E-4
232.6	-6.47E-4
232.7	-7.46E-4
232.8	-7.2E-4
232.9	-7.41E-4
233	-0.00102
233.1	-5.89E-4
233.2	-7.19E-4
233.3	-4.88E-4
233.4	-3.09E-4
233.5	-3.73E-4
233.6	-3.45E-4
233.7	2.7E-5
233.8	-5.1E-5
233.9	-5.6E-5
234	1.79E-4
234.1	3.1E-4
234.2	3.45E-4
234.3	5.05E-4
234.4	6.96E-4
234.5	8.21E-4
234.6	0.00104
234.7	0.00119
234.8	0.00112
234.9	0.00159
235	0.00174
235.1	0.0019
235.2	0.00209
235.3	0.00236
235.4	0.00247
235.5	0.00266
235.6	0.00297
235.7	0.00306
235.8	0.00334
235.9	0.0033
236	0.00352
236.1	0.00338
236.2	0.00335
236.3	0.00314
236.4	0.00281
236.5	0.00233
236.6	0.00193
236.7	0.00155
236.8	0.00113
236.9	7.9E-4
237	2.93E-4
237.1	-2.8E-5
237.2	-9.11E-4
237.3	-0.00159
237.4	-0.0025
237.5	-0.00361
237.6	-0.00497
237.7	-0.00673
237.8	-0.00846
237.9	-0.01032
238	-0.01164
238.1	-0.01244
238.2	-0.01312
238.3	-0.0136
238.4	-0.01367
238.5	-0.01361
238.6	-0.01362
238.7	-0.01306
238.8	-0.01212
238.9	-0.01067
239	-0.00882
239.1	-0.00632
239.2	-0.00346
239.3	-6.25E-4
239.4	0.00215
239.5	0.00468
239.6	0.00696
239.7	0.00881
239.8	0.01057
239.9	0.01171
240	0.01255
240.1	0.01287
240.2	0.01285
240.3	0.01257
240.4	0.01186
240.5	0.01101
240.6	0.01009
240.7	0.00893
240.8	0.0079
240.9	0.0066
241	0.00529
241.1	0.00443
241.2	0.00335
241.3	0.00253
241.4	0.00168
241.5	7.31E-4
241.6	1.3E-4
241.7	-3.46E-4
241.8	-8.51E-4
241.9	-0.00138
242	-0.0017
242.1	-0.00206
242.2	-0.00248
242.3	-0.00267
242.4	-0.00298
242.5	-0.00302
242.6	-0.00333
242.7	-0.00339
242.8	-0.00339
242.9	-0.00335
243	-0.00315
243.1	-0.00319
243.2	-0.00321
243.3	-0.00318
243.4	-0.00269
243.5	-0.00252
243.6	-0.00209
243.7	-0.0017
243.8	-9.62E-4
243.9	-6.6E-5
244	7.71E-4
244.1	0.00153
244.2	0.00199
244.3	0.00257
244.4	0.00246
244.5	0.00246
244.6	0.00258
244.7	0.00235
244.8	0.00217
244.9	0.00174
245	0.00119
245.1	7.06E-4
245.2	3.17E-4
245.3	-1.2E-4
245.4	-4.48E-4
245.5	-6.72E-4
245.6	-0.0011
245.7	-0.00143
245.8	-0.00155
245.9	-0.00183
246	-0.00178
246.1	-0.00167
246.2	-0.00153
246.3	-0.00142
246.4	-0.00118
246.5	-0.00134
246.6	-9.43E-4
246.7	-7.44E-4
246.8	-5.72E-4
246.9	-3.86E-4
247	-4E-4
247.1	-2.52E-4
247.2	1.95E-4
247.3	1.92E-4
247.4	-2.06E-4
247.5	-5E-6
247.6	-2.01E-4
247.7	-4.92E-4
247.8	-4.01E-4
247.9	-3.47E-4
248	-4.52E-4
248.1	-3.67E-4
248.2	-3.33E-4
248.3	-1.91E-4
248.4	-2.35E-4
248.5	-1.53E-4
248.6	1.44E-4
248.7	1.69E-4
248.8	3.73E-4
248.9	5.43E-4
249	8.63E-4
249.1	8.6E-4
249.2	9.33E-4
249.3	8.88E-4
249.4	0.00107
249.5	0.00104
249.6	0.00104
249.7	9.94E-4
249.8	0.00106
249.9	7.73E-4
250	8.51E-4
250.1	8.47E-4
250.2	5E-4
250.3	2.38E-4
250.4	7.3E-5
250.5	-3.07E-4
250.6	-3.48E-4
250.7	-4.64E-4
250.8	-7.5E-4
250.9	-0.00106
251	-0.00107
251.1	-0.00136
251.2	-0.00144
251.3	-0.0016
251.4	-0.00164
251.5	-0.00154
251.6	-0.00126
251.7	-0.00132
251.8	-9.88E-4
251.9	-8.15E-4
252	-3.86E-4
252.1	-1.41E-4
252.2	2.83E-4
252.3	5.41E-4
252.4	0.00108
252.5	0.00157
252.6	0.00176
252.7	0.00208
252.8	0.00256
252.9	0.00268
253	0.0026
253.1	0.00244
253.2	0.0021
253.3	0.00186
253.4	0.00167
253.5	0.00129
253.6	8.56E-4
253.7	1.78E-4
253.8	-6.8E-5
253.9	-6.6E-4
254	-7.46E-4
254.1	-0.00118
254.2	-0.00139
254.3	-0.00153
254.4	-0.00154
254.5	-0.00166
254.6	-0.00159
254.7	-0.00163
254.8	-0.00163
254.9	-0.00158
255	-0.00141
255.1	-0.00144
255.2	-0.00115
255.3	-0.00109
255.4	-8.43E-4
255.5	-8.18E-4
255.6	-9.91E-4
255.7	-7.8E-4
255.8	-7.39E-4
255.9	-4.89E-4
256	-6.05E-4
256.1	-5.66E-4
256.2	-4.4E-4
256.3	-3.78E-4
256.4	-2E-4
256.5	-2.8E-4
256.6	-1.69E-4
256.7	3.8E-5
256.8	2.12E-4
256.9	2.09E-4
257	3.75E-4
257.1	6.83E-4
257.2	8.67E-4
257.3	8.86E-4
257.4	0.00109
257.5	0.00115
257.6	0.00125
257.7	0.0013
257.8	0.00157
257.9	0.00156
258	0.00135
258.1	0.00121
258.2	0.00125
258.3	0.00125
258.4	7.84E-4
258.5	8.69E-4
258.6	6.82E-4
258.7	4.62E-4
258.8	5.9E-5
258.9	-8.3E-5
259	-2.16E-4
259.1	-7.8E-5
259.2	-2.66E-4
259.3	-5.08E-4
259.4	-8.26E-4
259.5	-5.65E-4
259.6	-6.91E-4
259.7	-7.82E-4
259.8	-8.84E-4
259.9	-0.00118
260	-9.03E-4
260.1	-0.00103
260.2	-0.00101
260.3	-9.99E-4
260.4	-9.85E-4
260.5	-0.00109
260.6	-0.00104
260.7	-0.00107
260.8	-8.65E-4
260.9	-9.26E-4
261	-8.44E-4
261.1	-0.00112
261.2	-0.00108
261.3	-9.78E-4
261.4	-0.001
261.5	-9.38E-4
261.6	-0.00106
261.7	-0.00108
261.8	-0.00115
261.9	-0.00114
262	-0.0012
262.1	-0.00125
262.2	-0.00125
262.3	-0.00136
262.4	-0.00137
262.5	-0.00126
262.6	-0.00122
262.7	-0.00125
262.8	-0.00114
262.9	-7.27E-4
263	-3.31E-4
263.1	-1.6E-5
263.2	3.35E-4
263.3	7.24E-4
263.4	0.00103
263.5	0.0014
263.6	0.00155
263.7	0.00156
263.8	0.00168
263.9	0.00187
264	0.00191
264.1	0.00203
264.2	0.00199
264.3	0.00212
264.4	0.00183
264.5	0.00193
264.6	0.00192
264.7	0.00163
264.8	0.00154
264.9	0.0014
265	0.00146
265.1	9.87E-4
265.2	0.00104
265.3	6.5E-4
265.4	4.51E-4
265.5	3.5E-4
265.6	3.5E-5
265.7	-8.5E-5
265.8	-2.42E-4
265.9	-4.42E-4
266	-4.95E-4
266.1	-7.44E-4
266.2	-8.92E-4
266.3	-9.99E-4
266.4	-0.00103
266.5	-0.00121
266.6	-0.0013
266.7	-0.00147
266.8	-0.00145
266.9	-0.00162
267	-0.0016
267.1	-0.00167
267.2	-0.00169
267.3	-0.00141
267.4	-0.00118
267.5	-0.00116
267.6	-8.15E-4
267.7	-7.11E-4
267.8	-4.1E-4
267.9	-3.88E-4
268	-1.31E-4
268.1	-7.8E-5
268.2	2.75E-4
268.3	3.32E-4
268.4	4.35E-4
268.5	3.96E-4
268.6	7.67E-4
268.7	8.57E-4
268.8	8.87E-4
268.9	8.29E-4
269	8.2E-4
269.1	8.48E-4
269.2	7.96E-4
269.3	7.32E-4
269.4	7.83E-4
269.5	5.14E-4
269.6	2.76E-4
269.7	2.63E-4
269.8	4.35E-4
269.9	1.73E-4
270	1.45E-4
270.1	1.59E-4
270.2	9.8E-5
270.3	7.7E-5
270.4	2.4E-5
270.5	1.01E-4
270.6	1.47E-4
270.7	3.5E-5
270.8	2.68E-4
270.9	3.74E-4
271	5.74E-4
271.1	5.49E-4
271.2	8.52E-4
271.3	9.28E-4
271.4	7.24E-4
271.5	7.98E-4
271.6	6.35E-4
271.7	6.34E-4
271.8	3.56E-4
271.9	3.72E-4
272	2.57E-4
272.1	2.04E-4
272.2	6.5E-5
272.3	1.49E-4
272.4	-1.8E-5
272.5	6.2E-5
272.6	8E-6
272.7	1.02E-4
272.8	2.72E-4
272.9	1.41E-4
273	2.79E-4
273.1	4.39E-4
273.2	5.56E-4
273.3	5.01E-4
273.4	7.82E-4
273.5	8.25E-4
273.6	8.9E-4
273.7	0.00109
273.8	9.92E-4
273.9	0.0011
274	7.65E-4
274.1	7.27E-4
274.2	6.84E-4
274.3	3.38E-4
274.4	5.2E-5
274.5	-6.5E-5
274.6	-3.12E-4
274.7	-7.16E-4
274.8	-9.45E-4
274.9	-0.00104
275	-0.00122
275.1	-0.00119
275.2	-0.00125
275.3	-0.00141
275.4	-0.00151
275.5	-0.00127
275.6	-0.0015
275.7	-0.00133
275.8	-0.00142
275.9	-0.00144
276	-0.00131
276.1	-0.00143
276.2	-0.00135
276.3	-0.00135
276.4	-0.00108
276.5	-7.54E-4
276.6	-8.49E-4
276.7	-4.76E-4
276.8	-5.26E-4
276.9	-1.49E-4
277	8.1E-5
277.1	3.57E-4
277.2	5.04E-4
277.3	3.85E-4
277.4	5.52E-4
277.5	5.31E-4
277.6	3.36E-4
277.7	5.34E-4
277.8	1.75E-4
277.9	2.79E-4
278	4.3E-5
278.1	1.46E-4
278.2	-1.14E-4
278.3	-9.7E-5
278.4	-1.31E-4
278.5	-3.3E-5
278.6	-1.51E-4
278.7	-2.1E-5
278.8	-1.01E-4
278.9	2.32E-4
279	2.99E-4
279.1	3.84E-4
279.2	3.94E-4
279.3	3.3E-4
279.4	2.7E-4
279.5	2.89E-4
279.6	1.49E-4
279.7	-3E-6
279.8	-1.44E-4
279.9	-5.8E-5
280	-2.07E-4
280.1	-5.05E-4
280.2	-4.79E-4
280.3	-6.71E-4
280.4	-6.79E-4
280.5	-4.78E-4
280.6	-6.62E-4
280.7	-7.65E-4
280.8	-6.35E-4
280.9	-6.86E-4
281	-5.32E-4
281.1	-5.37E-4
281.2	-4.86E-4
281.3	-6.46E-4
281.4	-4.88E-4
281.5	4.2E-5
281.6	1.84E-4
281.7	8.2E-5
281.8	3.61E-4
281.9	6.07E-4
282	6.83E-4
282.1	8.82E-4
282.2	9.21E-4
282.3	0.00104
282.4	0.00129
282.5	0.00135
282.6	0.00122
282.7	0.00155
282.8	0.00139
282.9	0.00145
283	0.00141
283.1	0.00124
283.2	0.00108
283.3	9.36E-4
283.4	7.4E-4
283.5	6.02E-4
283.6	2.97E-4
283.7	1.6E-4
283.8	-6.7E-5
283.9	-2.09E-4
284	-3.99E-4
284.1	-5.3E-4
284.2	-4.75E-4
284.3	-5.18E-4
284.4	-5.61E-4
284.5	-7.31E-4
284.6	-7.89E-4
284.7	-9.32E-4
284.8	-8.78E-4
284.9	-8.64E-4
285	-0.00105
285.1	-0.0012
285.2	-0.00148
285.3	-0.00146
285.4	-0.00123
285.5	-0.00146
285.6	-0.00153
285.7	-0.00135
285.8	-0.00141
285.9	-0.00137
286	-0.00114
286.1	-0.00133
286.2	-0.00108
286.3	-0.00107
286.4	-9.56E-4
286.5	-8.86E-4
286.6	-0.00105
286.7	-0.00112
286.8	-8.51E-4
286.9	-7.49E-4
287	-5.74E-4
287.1	-7.11E-4
287.2	-4.8E-4
287.3	-5.27E-4
287.4	-2.81E-4
287.5	-1.91E-4
287.6	-2.22E-4
287.7	2.3E-5
287.8	1.65E-4
287.9	3.82E-4
288	3.38E-4
288.1	7.6E-4
288.2	6.75E-4
288.3	8.12E-4
288.4	9.91E-4
288.5	9.77E-4
288.6	0.00102
288.7	0.00104
288.8	0.00106
288.9	0.00119
289	0.00103
289.1	9.92E-4
289.2	0.00107
289.3	9.71E-4
289.4	9.48E-4
289.5	9.85E-4
289.6	7.84E-4
289.7	7.15E-4
289.8	5.61E-4
289.9	5.12E-4
290	5.82E-4
290.1	1.73E-4
290.2	2.74E-4
290.3	1.21E-4
290.4	2E-6
290.5	-2.4E-4
290.6	-3.28E-4
290.7	-4.96E-4
290.8	-5.01E-4
290.9	-3.55E-4
291	-3.08E-4
291.1	-4.48E-4
291.2	-3.91E-4
291.3	-1.89E-4
291.4	-1.28E-4
291.5	8.6E-5
291.6	1.48E-4
291.7	1.73E-4
291.8	4.33E-4
291.9	4.96E-4
292	5.4E-4
292.1	7.52E-4
292.2	7.05E-4
292.3	8.56E-4
292.4	6.94E-4
292.5	5.8E-4
292.6	6.47E-4
292.7	7.46E-4
292.8	6.9E-4
292.9	4.05E-4
293	3.31E-4
293.1	2.55E-4
293.2	2.66E-4
293.3	2.82E-4
293.4	3.84E-4
293.5	4.39E-4
293.6	2.56E-4
293.7	3.23E-4
293.8	3.45E-4
293.9	4.23E-4
294	3.47E-4
294.1	2.82E-4
294.2	2.96E-4
294.3	2.31E-4
294.4	2.6E-4
294.5	1.59E-4
294.6	2.1E-4
294.7	1.97E-4
294.8	3.46E-4
294.9	4.24E-4
295	1.43E-4
295.1	1.19E-4
295.2	1.35E-4
295.3	1.64E-4
295.4	-1.21E-4
295.5	-2.38E-4
295.6	-1.35E-4
295.7	-2.53E-4
295.8	-4.44E-4
295.9	-6.04E-4
296	-5.45E-4
296.1	-6.01E-4
296.2	-4.53E-4
296.3	-6.58E-4
296.4	-6.55E-4
296.5	-6.3E-4
296.6	-4.88E-4
296.7	-5.32E-4
296.8	-4.63E-4
296.9	-5.7E-4
297	-4.84E-4
297.1	-6.23E-4
297.2	-5.11E-4
297.3	-5.89E-4
297.4	-5.15E-4
297.5	-5.7E-4
297.6	-4.87E-4
297.7	-8.25E-4
297.8	-6.59E-4
297.9	-5.68E-4
298	-7.02E-4
298.1	-4.48E-4
298.2	-1.66E-4
298.3	-2.33E-4
298.4	-2.6E-4
298.5	-1.73E-4
298.6	-6.2E-5
298.7	9.3E-5
298.8	2E-4
298.9	5.4E-4
299	4.7E-4
299.1	5.46E-4
299.2	6.43E-4
299.3	6.38E-4
299.4	8.74E-4
299.5	8.63E-4
299.6	8.63E-4
299.7	7.75E-4
299.8	6.84E-4
299.9	5.15E-4
300	3.69E-4
300.1	2.39E-4
300.2	2.04E-4
300.3	1.49E-4
300.4	-1.62E-4
300.5	-2.76E-4
300.6	-3.23E-4
300.7	-4.85E-4
300.8	-1.79E-4
300.9	-2.15E-4
301	-3.78E-4
301.1	-3.55E-4
301.2	-5.07E-4
301.3	-4.21E-4
301.4	-4.58E-4
301.5	-6.15E-4
301.6	-4.51E-4
301.7	-4.28E-4
301.8	-3.06E-4
301.9	-2.37E-4
302	-1.76E-4
302.1	-1.41E-4
302.2	-6.7E-5
302.3	-1.69E-4
302.4	5.8E-5
302.5	-7.3E-5
302.6	-1.1E-4
302.7	-7.3E-5
302.8	3.4E-5
302.9	-8E-6
303	-4.7E-5
303.1	1.09E-4
303.2	1.75E-4
303.3	1.3E-4
303.4	9.9E-5
303.5	8.2E-5
303.6	6.5E-5
303.7	6.6E-5
303.8	1.08E-4
303.9	2.54E-4
304	1.63E-4
304.1	2.84E-4
304.2	2.53E-4
304.3	3.67E-4
304.4	4.28E-4
304.5	3.19E-4
304.6	1.8E-4
304.7	4.28E-4
304.8	2.64E-4
304.9	1.03E-4
305	9.9E-5
305.1	-2.17E-4
305.2	-3.28E-4
305.3	-3.02E-4
305.4	-5.68E-4
305.5	-7.48E-4
305.6	-7.11E-4
305.7	-8.6E-4
305.8	-7.44E-4
305.9	-8.41E-4
306	-8.67E-4
306.1	-7.88E-4
306.2	-7.55E-4
306.3	-7.88E-4
306.4	-7.45E-4
306.5	-6.4E-4
306.6	-5.42E-4
306.7	-3.78E-4
306.8	-1.82E-4
306.9	-3.07E-4
307	-1.96E-4
307.1	-1.4E-5
307.2	-4E-5
307.3	2.33E-4
307.4	1.2E-4
307.5	2.37E-4
307.6	1.93E-4
307.7	1.69E-4
307.8	-3.6E-5
307.9	2.81E-4
308	1.39E-4
308.1	1.84E-4
308.2	1.59E-4
308.3	1.58E-4
308.4	8.1E-5
308.5	2.04E-4
308.6	9.8E-5
308.7	1.28E-4
308.8	-1.44E-4
308.9	1.08E-4
309	-1.75E-4
309.1	-2.7E-5
309.2	-6.1E-5
309.3	-1.08E-4
309.4	-3E-5
309.5	-5.3E-5
309.6	1.1E-4
309.7	2.8E-5
309.8	-2.94E-4
309.9	6.1E-5
310	3E-5
310.1	-8.6E-5
310.2	-2.44E-4
310.3	-7.8E-5
310.4	-2.5E-4
310.5	-2.07E-4
310.6	4.3E-5
310.7	-3.3E-5
310.8	1.63E-4
310.9	-3.7E-5
311	-2.1E-5
311.1	1.53E-4
311.2	1.27E-4
311.3	1.5E-4
311.4	3.67E-4
311.5	4.19E-4
311.6	3.34E-4
311.7	2.73E-4
311.8	3.83E-4
311.9	4.8E-4
312	4.79E-4
312.1	4.76E-4
312.2	3.48E-4
312.3	3.95E-4
312.4	3.95E-4
312.5	4.07E-4
312.6	5.38E-4
312.7	4.3E-4
312.8	3.77E-4
312.9	4.48E-4
313	3.27E-4
313.1	3.76E-4
313.2	1.99E-4
313.3	3.26E-4
313.4	8.3E-5
313.5	6.5E-5
313.6	7.3E-5
313.7	-9E-6
313.8	-6.3E-5
313.9	-1.57E-4
314	-2.05E-4
314.1	-3.15E-4
314.2	-2.83E-4
314.3	-2.11E-4
314.4	-3.24E-4
314.5	-6E-5
314.6	1.55E-4
314.7	2.13E-4
314.8	8.5E-5
314.9	1.68E-4
315	1.53E-4
315.1	4E-6
315.2	3.02E-4
315.3	7.7E-5
315.4	3.42E-4
315.5	1.3E-4
315.6	-5E-6
315.7	-1.89E-4
315.8	-1.93E-4
315.9	-3.5E-4
316	-4.62E-4
316.1	-4.94E-4
316.2	-4.77E-4
316.3	-6.7E-4
316.4	-7.24E-4
316.5	-8.63E-4
316.6	-0.00101
316.7	-8.99E-4
316.8	-9.2E-4
316.9	-0.00103
317	-9.75E-4
317.1	-0.00107
317.2	-9.09E-4
317.3	-7.25E-4
317.4	-4.67E-4
317.5	-4.32E-4
317.6	-4.97E-4
317.7	-3.03E-4
317.8	-2.16E-4
317.9	-6.1E-5
318	3.1E-5
318.1	2.2E-5
318.2	-5.8E-5
318.3	5.7E-5
318.4	2.3E-5
318.5	-1.51E-4
318.6	-7.4E-5
318.7	1.12E-4
318.8	1.74E-4
318.9	2.92E-4
319	4.09E-4
319.1	7.01E-4
319.2	6.28E-4
319.3	7.85E-4
319.4	8.3E-4
319.5	8.77E-4
319.6	8.69E-4
319.7	8.47E-4
319.8	8.29E-4
319.9	7.83E-4