0	18.1923
0.02	18.2417
0.04	18.2717
0.06	18.2746
0.08	18.2794
0.1	18.2863
0.12	18.2249
0.14	18.1452
0.16	18.192
0.18	18.4211
0.2	18.6384
0.22	18.5442
0.24	18.4254
0.26	18.3908
0.28	18.464
0.3	18.5425
0.32	18.6807
0.34	18.8276
0.36	18.8244
0.38	18.6161
0.4	18.4203
0.42	18.6036
0.44	18.8194
0.46	18.9031
0.48	18.8522
0.5	18.7977
0.52	18.8747
0.54	18.9619
0.56	19.0188
0.58	19.0325
0.6	19.0531
0.62	19.0074
0.64	18.9472
0.66	19.0243
0.68	19.2354
0.7	19.4172
0.72	19.264
0.74	19.0953
0.76	19.0718
0.78	19.2069
0.8	19.3599
0.82	19.4657
0.84	19.563
0.86	19.6391
0.88	19.7306
0.9	19.8257
0.92	19.8807
0.94	19.9268
0.96	19.9601
0.98	20.0042
1	20.0494
1.02	20.0284
1.04	20.0046
1.06	19.9506
1.08	19.8859
1.1	19.8277
1.12	19.8379
1.14	19.8492
1.16	19.9544
1.18	20.0869
1.2	20.1803
1.22	20.232
1.24	20.2832
1.26	20.3619
1.28	20.4319
1.3	20.4931
1.32	20.5512
1.34	20.6092
1.36	20.5848
1.38	20.5176
1.4	20.4891
1.42	20.6893
1.44	20.8894
1.46	20.9206
1.48	20.8635
1.5	20.8234
1.52	20.8176
1.54	20.8118
1.56	20.8037
1.58	20.8089
1.6	20.8058
1.62	20.7204
1.64	20.635
1.66	20.7679
1.68	21.004
1.7	21.121
1.72	20.8419
1.74	20.5628
1.76	20.6675
1.78	20.8583
1.8	20.9802
1.82	21.0247
1.84	21.0692
1.86	21.1734
1.88	21.2987
1.9	21.3774
1.92	21.2702
1.94	21.1625
1.96	21.2413
1.98	21.3658
2	21.4519
2.02	21.5273
2.04	21.6035
2.06	21.6939
2.08	21.7559
2.1	21.8076
2.12	21.8909
2.14	21.979
2.16	22.0535
2.18	22.1166
2.2	22.0778
2.22	21.9362
2.24	21.8019
2.26	22.052
2.28	22.3274
2.3	22.5413
2.32	22.6687
2.34	22.7856
2.36	22.7067
2.38	22.6146
2.4	22.5329
2.42	22.4885
2.44	22.458
2.46	22.6473
2.48	22.8531
2.5	23.0116
2.52	23.092
2.54	23.1557
2.56	23.0939
2.58	23.0336
2.6	23.0407
2.62	23.107
2.64	23.1874
2.66	23.3118
2.68	23.4342
2.7	23.4427
2.72	23.3724
2.74	23.3304
2.76	23.5619
2.78	23.7946
2.8	23.9346
2.82	24.0104
2.84	24.0668
2.86	24.1261
2.88	24.1855
2.9	24.1865
2.92	24.1294
2.94	24.1146
2.96	24.26
2.98	24.4055
3	24.5856
3.02	24.8089
3.04	24.9894
3.06	24.9244
3.08	24.8595
3.1	24.9733
3.12	25.1477
3.14	25.2795
3.16	25.2734
3.18	25.2673
3.2	25.3724
3.22	25.5435
3.24	25.7103
3.26	25.7983
3.28	25.8863
3.3	26.0194
3.32	26.1683
3.34	26.3629
3.36	26.6363
3.38	26.9084
3.4	26.879
3.42	26.821
3.44	26.8773
3.46	27.0174
3.48	27.1527
3.5	27.3414
3.52	27.5403
3.54	27.6625
3.56	27.7558
3.58	27.857
3.6	28.0669
3.62	28.2785
3.64	28.5433
3.66	28.8258
3.68	29.107
3.7	29.3364
3.72	29.5719
3.74	29.7553
3.76	29.9043
3.78	30.0441
3.8	30.2853
3.82	30.5289
3.84	30.6337
3.86	30.5896
3.88	30.5845
3.9	30.8463
3.92	31.1095
3.94	31.3354
3.96	31.556
3.98	31.7419
4	31.8206
4.02	31.8994
4.04	32.1288
4.06	32.386
4.08	32.6198
4.1	32.8269
4.12	33.034
4.14	33.2906
4.16	33.5822
4.18	33.8398
4.2	33.943
4.22	34.0461
4.24	34.2084
4.26	34.3732
4.28	34.5889
4.3	34.8897
4.32	35.1904
4.34	35.2756
4.36	35.3412
4.38	35.4424
4.4	35.6753
4.42	35.9091
4.44	36.1872
4.46	36.4496
4.48	36.6551
4.5	36.7797
4.52	36.9073
4.54	37.1835
4.56	37.4779
4.58	37.6945
4.6	37.7658
4.62	37.8463
4.64	38.2396
4.66	38.6664
4.68	39.0567
4.7	39.4132
4.72	39.7516
4.74	39.8389
4.76	39.9234
4.78	40.0879
4.8	40.2911
4.82	40.484
4.84	40.7449
4.86	41.0076
4.88	41.2949
4.9	41.5986
4.92	41.8903
4.94	42.074
4.96	42.2576
4.98	42.7042
5	43.2468
5.02	43.7336
5.04	44.1032
5.06	44.4727
5.08	44.5723
5.1	44.5701
5.12	44.7127
5.14	45.1805
5.16	45.6484
5.18	45.9126
5.2	46.1663
5.22	46.4767
5.24	46.8522
5.26	47.227
5.28	47.5265
5.3	47.8088
5.32	48.1035
5.34	48.4189
5.36	48.7334
5.38	49.0179
5.4	49.3131
5.42	49.6864
5.44	50.1221
5.46	50.5451
5.48	50.8126
5.5	51.0728
5.52	51.343
5.54	51.6152
5.56	51.9051
5.58	52.3975
5.6	52.8914
5.62	53.367
5.64	53.8285
5.66	54.2859
5.68	54.7154
5.7	55.1445
5.72	55.406
5.74	55.5662
5.76	55.7375
5.78	56.0784
5.8	56.4191
5.82	56.7004
5.84	56.9602
5.86	57.248
5.88	57.58
5.9	57.9119
5.92	58.3791
5.94	58.8705
5.96	59.2976
5.98	59.6471
6	59.9966
6.02	60.3371
6.04	60.6742
6.06	61.0104
6.08	61.3362
6.1	61.663
6.12	62.1082
6.14	62.5657
6.16	63.0551
6.18	63.5469
6.2	64.028
6.22	64.4815
6.24	64.9468
6.26	65.4003
6.28	65.8183
6.3	66.2278
6.32	66.4622
6.34	66.6906
6.36	67.1656
6.38	67.859
6.4	68.5515
6.42	68.936
6.44	69.3193
6.46	69.8314
6.48	70.4105
6.5	70.9338
6.52	71.4059
6.54	71.8778
6.56	72.4127
6.58	72.9283
6.6	73.3874
6.62	73.7483
6.64	74.1092
6.66	74.9865
6.68	75.9606
6.7	76.7527
6.72	77.2452
6.74	77.7379
6.76	78.0994
6.78	78.4465
6.8	78.9232
6.82	79.5405
6.84	80.1532
6.86	80.6402
6.88	81.1248
6.9	81.6018
6.92	82.0707
6.94	82.5336
6.96	82.9881
6.98	83.4442
7	83.9818
7.02	84.5836
7.04	85.1725
7.06	85.5957
7.08	86.0184
7.1	86.6516
7.12	87.3831
7.14	88.0589
7.16	88.485
7.18	88.9112
7.2	89.3956
7.22	89.9403
7.24	90.5186
7.26	91.1471
7.28	91.7755
7.3	92.2676
7.32	92.7433
7.34	93.3398
7.36	94.1169
7.38	94.8944
7.4	95.5463
7.42	96.1698
7.44	96.6975
7.46	97.1412
7.48	97.5795
7.5	97.9819
7.52	98.3842
7.54	98.8686
7.56	99.4069
7.58	99.9449
7.6	100.296
7.62	100.647
7.64	100.961
7.66	101.247
7.68	101.534
7.7	101.873
7.72	102.212
7.74	102.568
7.76	102.935
7.78	103.322
7.8	103.768
7.82	104.213
7.84	104.455
7.86	104.631
7.88	104.8
7.9	105.008
7.92	105.215
7.94	105.449
7.96	105.653
7.98	105.86
8	106.091
8.02	106.319
8.04	106.086
8.06	105.831
8.08	105.584
8.1	105.317
8.12	105.042
8.14	104.843
8.16	104.652
8.18	104.45
8.2	104.189
8.22	103.916
8.24	103.546
8.26	103.175
8.28	102.755
8.3	102.331
8.32	101.874
8.34	101.26
8.36	100.646
8.38	100.006
8.4	99.36
8.42	98.6909
8.44	97.978
8.46	97.2653
8.48	96.4239
8.5	95.5482
8.52	94.6232
8.54	93.5359
8.56	92.4463
8.58	91.4554
8.6	90.5071
8.62	89.5553
8.64	88.5732
8.66	87.5874
8.68	86.1905
8.7	84.7746
8.72	83.3414
8.74	81.9208
8.76	80.5018
8.78	79.0428
8.8	77.5826
8.82	76.007
8.84	74.3703
8.86	72.688
8.88	70.7571
8.9	68.826
8.92	67.0387
8.94	65.3033
8.96	63.4081
8.98	61.1056
9	58.8031
9.02	56.567
9.04	54.3238
9.06	51.8858
9.08	49.1607
9.1	46.4348
9.12	43.6538
9.14	40.8638
9.16	37.9763
9.18	34.9571
9.2	31.9157
9.22	28.4939
9.24	25.0623
9.26	21.3889
9.28	17.5278
9.3	13.6277
9.32	9.5301
9.34	5.43265
9.36	1.03039
9.38	-3.55731
9.4	-8.29256
9.42	-13.602
9.44	-18.9115
9.46	-24.3037
9.48	-29.7203
9.5	-35.3926
9.52	-41.5944
9.54	-47.7964
9.56	-54.2351
9.58	-60.7359
9.6	-67.6255
9.62	-75.0034
9.64	-82.38
9.66	-90.4323
9.68	-98.551
9.7	-107.008
9.72	-115.769
9.74	-124.624
9.76	-134.493
9.78	-144.37
9.8	-154.666
9.82	-165.26
9.84	-176.077
9.86	-187.873
9.88	-199.669
9.9	-212.088
9.92	-224.782
9.94	-237.87
9.96	-252.058
9.98	-266.247
10	-281.421
10.02	-296.796
10.04	-312.721
10.06	-329.627
10.08	-346.538
10.1	-365.251
10.12	-384.11
10.14	-403.775
10.16	-424.32
10.18	-444.948
10.2	-467.455
10.22	-490.004
10.24	-514.203
10.26	-539.579
10.28	-565.248
10.3	-592.785
10.32	-620.321
10.34	-650.148
10.36	-681.022
10.38	-712.859
10.4	-747.733
10.42	-782.605
10.44	-820.658
10.46	-859.517
10.48	-900.115
10.5	-943.892
10.52	-987.677
10.54	-1036.41
10.56	-1085.68
10.58	-1137.57
10.6	-1192.39
10.62	-1247.44
10.64	-1307.83
10.66	-1368.34
10.68	-1431.75
10.7	-1497.15
10.72	-1562.96
10.74	-1630.59
10.76	-1698.22
10.78	-1763.94
10.8	-1828.56
10.82	-1890.05
10.84	-1941.31
10.86	-1992.58
10.88	-2019.22
10.9	-2039.71
10.92	-2039.16
10.94	-2001.55
10.96	-1963.63
10.98	-1839.23
11	-1707.68
11.02	-1510.09
11.04	-1243.38
11.06	-966.867
11.08	-532.09
11.1	-96.476
11.12	447.756
11.14	1059.73
11.16	1696.6
11.18	2444.15
11.2	3191.7
11.22	3968.15
11.24	4752.41
11.26	5507.2
11.28	6181.9
11.3	6856.59
11.32	7304.96
11.34	7710.92
11.36	7961.29
11.38	7981.79
11.4	7998.85
11.42	7623.91
11.44	7232.9
11.46	6668.36
11.48	5950.89
11.5	5216.92
11.52	4346.86
11.54	3476.73
11.56	2630.22
11.58	1801.67
11.6	1010.65
11.62	376.031
11.64	-258.589
11.66	-697.369
11.68	-1075.58
11.7	-1380.14
11.72	-1534.17
11.74	-1688.19
11.76	-1714.74
11.78	-1726.61
11.8	-1707.84
11.82	-1653.54
11.84	-1598.13
11.86	-1516.15
11.88	-1433.62
11.9	-1342.04
11.92	-1243.84
11.94	-1144.63
11.96	-1041.23
11.98	-937.833
12	-842.643
12.02	-751.775
12.04	-667.061
12.06	-601.644
12.08	-536.226
12.1	-489.609
12.12	-447.156
12.14	-409.301
12.16	-378.598
12.18	-347.914
12.2	-320.905
12.22	-294.143
12.24	-269.5
12.26	-247.131
12.28	-225.145
12.3	-208.949
12.32	-192.794
12.34	-180.186
12.36	-169.579
12.38	-159.565
12.4	-151.934
12.42	-144.303
12.44	-138.062
12.46	-132.228
12.48	-126.288
12.5	-119.966
12.52	-113.645
12.54	-105.898
12.56	-97.935
12.58	-89.0984
12.6	-79.2781
12.62	-69.411
12.64	-59.1064
12.66	-48.8071
12.68	-39.3634
12.7	-30.5341
12.72	-21.9263
12.74	-14.9242
12.76	-7.92218
12.78	-4.23172
12.8	-1.95514
12.82	-2.07175
12.84	-8.45643
12.86	-14.8411
12.88	-30.3357
12.9	-47.4472
12.92	-69.175
12.94	-97.1078
12.96	-125.25
12.98	-160.233
13	-195.392
13.02	-230.33
13.04	-264.717
13.06	-298.148
13.08	-323.267
13.1	-348.385
13.12	-362.455
13.14	-371.489
13.16	-375.806
13.18	-366.914
13.2	-358.023
13.22	-336.861
13.24	-313.294
13.26	-285.696
13.28	-252.386
13.3	-219.017
13.32	-182.601
13.34	-146.13
13.36	-111.921
13.38	-79.9252
13.4	-48.9244
13.42	-26.7389
13.44	-4.55332
13.46	9.17008
13.48	18.9228
13.5	26.0027
13.52	25.3913
13.54	24.78
13.56	19.3205
13.58	12.9835
13.6	7.12176
13.62	2.31166
13.64	-2.43395
13.66	-1.03656
13.68	0.72878
13.7	6.3756
13.72	15.2991
13.74	24.821
13.76	38.1024
13.78	51.3839
13.8	64.387
13.82	77.1102
13.84	88.5043
13.86	95.7921
13.88	103.08
13.9	104.248
13.92	104.139
13.94	102.292
13.96	98.041
13.98	93.7554
14	88.8279
14.02	83.9255
14.04	79.8788
14.06	76.5783
14.08	73.5352
14.1	72.2934
14.12	71.0515
14.14	70.5901
14.16	70.4291
14.18	70.1014
14.2	69.1882
14.22	68.2751
14.24	66.2905
14.26	64.1184
14.28	61.8399
14.3	59.4743
14.32	57.1215
14.34	56.1576
14.36	55.2501
14.38	56.3047
14.4	58.8746
14.42	62.0216
14.44	68.2258
14.46	74.4301
14.48	81.3758
14.5	88.5124
14.52	94.9515
14.54	99.5857
14.56	104.22
14.58	103.983
14.6	103.083
14.62	99.455
14.64	92.6748
14.66	85.638
14.68	74.1164
14.7	62.5691
14.72	50.1651
14.74	37.296
14.76	24.4989
14.78	12.1305
14.8	-0.23798
14.82	-10.81
14.84	-20.8314
14.86	-30.0233
14.88	-37.7338
14.9	-45.439
14.92	-50.1543
14.94	-54.6508
14.96	-57.1684
14.98	-57.8058
15	-57.9972
15.02	-53.7316
15.04	-49.4651
15.06	-41.3688
15.08	-31.3843
15.1	-20.1164
15.12	-5.20485
15.14	9.70675
15.16	25.5062
15.18	41.3991
15.2	55.455
15.22	66.6484
15.24	77.7188
15.26	80.2488
15.28	82.5279
15.3	78.7603
15.32	70.5248
15.34	61.0701
15.36	45.244
15.38	29.4177
15.4	10.648
15.42	-9.11933
15.44	-28.5793
15.46	-47.2635
15.48	-65.931
15.5	-80.0499
15.52	-93.8848
15.54	-103.854
15.56	-110.415
15.58	-115.992
15.6	-114.201
15.62	-112.409
15.64	-106.199
15.66	-98.1948
15.68	-89.4895
15.7	-79.1572
15.72	-68.8252
15.74	-59.4314
15.76	-50.2193
15.78	-42.3916
15.8	-36.2829
15.82	-30.3222
15.84	-27.6395
15.86	-24.9808
15.88	-24.5114
15.9	-25.3541
15.92	-26.7731
15.94	-30.2917
15.96	-33.8103
15.98	-37.8951
16	-42.0907
16.02	-46.0597
16.04	-49.603
16.06	-53.1301
16.08	-54.6563
16.1	-56.1056
16.12	-56.8761
16.14	-57.1438
16.16	-57.3315
16.18	-57.0904
16.2	-56.8493
16.22	-56.604
16.24	-56.3559
16.26	-56.1915
16.28	-56.2023
16.3	-56.2129
16.32	-55.7292
16.34	-55.1754
16.36	-53.8768
16.38	-51.8229
16.4	-49.6491
16.42	-46.2443
16.44	-42.8396
16.46	-39.4584
16.48	-36.1339
16.5	-33.4206
16.52	-32.5337
16.54	-31.6467
16.56	-34.8469
16.58	-38.7409
16.6	-45.0834
16.62	-54.3377
16.64	-63.7638
16.66	-75.2602
16.68	-86.7588
16.7	-95.8433
16.72	-103.385
16.74	-109.084
16.76	-108.394
16.78	-107.704
16.8	-99.647
16.82	-90.0105
16.84	-78.0942
16.86	-63.1524
16.88	-48.1808
16.9	-33.883
16.92	-19.6332
16.94	-8.97788
16.96	-0.83378
16.98	5.86186
17	6.52263
17.02	7.18338
17.04	3.87957
17.06	-0.44679
17.08	-5.26302
17.1	-10.6811
17.12	-16.0839
17.14	-19.7595
17.16	-23.3667
17.18	-25.518
17.2	-26.586
17.22	-27.3605
17.24	-26.7812
17.26	-26.202
17.28	-25.5763
17.3	-24.9271
17.32	-24.2486
17.34	-23.5524
17.36	-22.8571
17.38	-21.9679
17.4	-21.0402
17.42	-19.454
17.44	-17.2998
17.46	-14.8513
17.48	-10.5003
17.5	-6.14921
17.52	-0.60293
17.54	5.35076
17.56	10.908
17.58	15.4634
17.6	20.0158
17.62	20.4056
17.64	20.3776
17.66	16.9747
17.68	10.5058
17.7	3.52781
17.72	-6.69628
17.74	-16.9204
17.76	-26.115
17.78	-34.7846
17.8	-41.6484
17.82	-44.4279
17.84	-47.2053
17.86	-44.1951
17.88	-40.6496
17.9	-35.3372
17.92	-28.4506
17.94	-21.5098
17.96	-14.3617
17.98	-7.21359
18	-1.98196
18.02	2.42441
18.04	5.94818
18.06	7.50712
18.08	9.06496
18.1	7.97679
18.12	6.64876
18.14	4.09169
18.16	0.40845
18.18	-3.48019
18.2	-8.8858
18.22	-14.2914
18.24	-20.0232
18.26	-25.8478
18.28	-31.2496
18.3	-35.8094
18.32	-40.369
18.34	-43.0189
18.36	-45.5276
18.38	-47.3198
18.4	-48.5361
18.42	-49.7806
18.44	-51.1807
18.46	-52.5808
18.48	-54.5263
18.5	-56.6366
18.52	-58.5783
18.54	-60.276
18.56	-61.92
18.58	-60.9416
18.6	-59.9306
18.62	-56.3545
18.64	-51.2218
18.66	-45.0264
18.68	-35.3601
18.7	-25.6937
18.72	-14.5157
18.74	-2.99416
18.76	7.44505
18.78	17.0313
18.8	25.8553
18.82	30.6558
18.84	35.4363
18.86	35.6915
18.88	34.5972
18.9	31.7264
18.92	25.7028
18.94	19.6753
18.96	12.5508
18.98	5.20371
19	-0.85727
19.02	-6.3757
19.04	-10.662
19.06	-12.4536
19.08	-13.8929
19.1	-12.6514
19.12	-10.6867
19.14	-8.12796
19.16	-4.7224
19.18	-1.70725
19.2	0.47698
19.22	2.46145
19.24	2.94508
19.26	2.92123
19.28	2.7226
19.3	1.75158
19.32	1.21214
19.34	1.74122
19.36	2.45531
19.38	5.96786
19.4	10.6819
19.42	15.9963
19.44	23.9266
19.46	31.7969
19.48	38.8601
19.5	45.8985
19.52	49.832
19.54	51.1872
19.56	50.8685
19.58	45.5024
19.6	39.0432
19.62	29.6482
19.64	18.4799
19.66	7.8307
19.68	-2.85067
19.7	-12.5868
19.72	-18.9074
19.74	-24.4174
19.76	-25.821
19.78	-24.0726
19.8	-21.0941
19.82	-14.4271
19.84	-7.24807
19.86	0.42643
19.88	8.76781
19.9	15.6309
19.92	21.1321
19.94	25.7064
19.96	26.9452
19.98	27.3097
20	25.2669
20.02	21.5081
20.04	17.6491
20.06	13.0684
20.08	8.74637
20.1	5.86393
20.12	3.3328
20.14	2.26146
20.16	2.77163
20.18	3.60807
20.2	5.66368
20.22	7.89655
20.24	9.22968
20.26	10.5907
20.28	10.8876
20.3	9.25482
20.32	7.22834
20.34	3.49362
20.36	-0.81121
20.38	-5.62689
20.4	-11.2815
20.42	-16.2988
20.44	-20.0825
20.46	-23.3865
20.48	-24.4031
20.5	-24.6605
20.52	-23.8532
20.54	-21.177
20.56	-18.4867
20.58	-15.2773
20.6	-11.9019
20.62	-9.38207
20.64	-7.23833
20.66	-5.55095
20.68	-4.90155
20.7	-4.23127
20.72	-3.52352
20.74	-2.88355
20.76	-1.42785
20.78	0.64053
20.8	3.16623
20.82	6.61404
20.84	10.206
20.86	14.4013
20.88	19.0463
20.9	23.3469
20.92	27.4183
20.94	30.9741
20.96	33.1271
20.98	34.954
21	34.8948
21.02	33.8011
21.04	32.2261
21.06	29.2365
21.08	26.212
21.1	23.0823
21.12	19.8076
21.14	17.2816
21.16	15.3075
21.18	13.6659
21.2	12.8429
21.22	12.1726
21.24	11.9935
21.26	12.134
21.28	12.0569
21.3	11.7406
21.32	11.0457
21.34	9.38885
21.36	7.52432
21.38	4.79639
21.4	1.67412
21.42	-1.77173
21.44	-5.99544
21.46	-10.1176
21.48	-14.122
21.5	-18.2469
21.52	-21.1007
21.54	-23.2335
21.56	-24.228
21.58	-22.8331
21.6	-20.8152
21.62	-16.1721
21.64	-10.4575
21.66	-4.0555
21.68	4.00688
21.7	11.5605
21.72	18.2109
21.74	24.6397
21.76	28.4936
21.78	31.303
21.8	32.7508
21.82	31.3058
21.84	29.4072
21.86	25.506
21.88	20.9188
21.9	16.0363
21.92	10.6939
21.94	6.16286
21.96	3.09387
21.98	0.51675
22	-0.04647
22.02	0.05584
22.04	1.34195
22.06	4.08276
22.08	6.92397
22.1	10.5188
22.12	14.1899
22.14	16.9367
22.16	19.4762
22.18	20.925
22.2	20.8694
22.22	20.5775
22.24	18.9679
22.26	16.8956
22.28	14.3139
22.3	11.3771
22.32	8.51275
22.34	5.7659
22.36	3.18014
22.38	1.30368
22.4	-0.34438
22.42	-1.31958
22.44	-1.94669
22.46	-2.58745
22.48	-2.81287
22.5	-2.95845
22.52	-3.09723
22.54	-3.27356
22.56	-3.80259
22.58	-4.72386
22.6	-5.54174
22.62	-6.3116
22.64	-7.11192
22.66	-7.94783
22.68	-8.67066
22.7	-9.07589
22.72	-9.23748
22.74	-9.22513
22.76	-8.83712
22.78	-8.37798
22.8	-6.80916
22.82	-4.7366
22.84	-2.01005
22.86	2.15995
22.88	6.63478
22.9	12.3277
22.92	18.3832
22.94	23.8633
22.96	29.3439
22.98	34.0494
23	37.4774
23.02	40.3736
23.04	40.904
23.06	40.6343
23.08	38.5828
