0	18.1923	9.17574	8.02482	6.34802
0.02	18.2417	9.14391	7.97771	6.32031
0.04	18.2717	9.094	7.92227	6.26912
0.06	18.2746	9.07048	7.8711	6.2382
0.08	18.2794	9.08551	7.80767	6.22048
0.1	18.2863	9.10145	7.7449	6.20405
0.12	18.2249	9.04276	7.79575	6.28619
0.14	18.1452	8.96068	7.86538	6.37686
0.16	18.192	8.95608	7.93984	6.44937
0.18	18.4211	9.1027	8.0312	6.51699
0.2	18.6384	9.24764	8.11945	6.58276
0.22	18.5442	9.2206	7.98411	6.5538
0.24	18.4254	9.18218	7.83171	6.52111
0.26	18.3908	9.18038	7.75504	6.45696
0.28	18.464	9.20186	7.76478	6.3177
0.3	18.5425	9.22289	7.77421	6.18138
0.32	18.6807	9.20307	7.83878	6.31347
0.34	18.8276	9.18178	7.90198	6.47237
0.36	18.8244	9.15298	7.87116	6.50067
0.38	18.6161	9.1059	7.7399	6.37764
0.4	18.4203	9.06222	7.61515	6.25898
0.42	18.6036	9.11146	7.68172	6.29953
0.44	18.8194	9.17361	7.74996	6.34998
0.46	18.9031	9.18975	7.74869	6.35995
0.48	18.8522	9.13869	7.73636	6.32698
0.5	18.7977	9.08104	7.7328	6.29284
0.52	18.8747	9.00484	7.73731	6.30123
0.54	18.9619	8.94089	7.72991	6.31234
0.56	19.0188	8.8865	7.69278	6.31435
0.58	19.0325	8.79741	7.60816	6.3032
0.6	19.0531	8.70734	7.5264	6.29786
0.62	19.0074	8.71978	7.59091	6.38801
0.64	18.9472	8.74178	7.66609	6.47817
0.66	19.0243	8.79676	7.72398	6.5406
0.68	19.2354	8.88694	7.75249	6.57914
0.7	19.4172	8.9721	7.77688	6.60684
0.72	19.264	8.90144	7.80021	6.52829
0.74	19.0953	8.81981	7.82447	6.45082
0.76	19.0718	8.77363	7.81051	6.43202
0.78	19.2069	8.77759	7.76373	6.463
0.8	19.3599	8.77989	7.72486	6.49886
0.82	19.4657	8.7758	7.79705	6.4873
0.84	19.563	8.77205	7.87203	6.46984
0.86	19.6391	8.73841	7.79657	6.392
0.88	19.7306	8.66847	7.6	6.29423
0.9	19.8257	8.60894	7.42278	6.2173
0.92	19.8807	8.74209	7.51766	6.27767
0.94	19.9268	8.88052	7.61747	6.33837
0.96	19.9601	8.9678	7.67452	6.30381
0.98	20.0042	9.00711	7.67949	6.20786
1	20.0494	9.03383	7.6725	6.13453
1.02	20.0284	9.04356	7.75762	6.28147
1.04	20.0046	9.05599	7.84556	6.43349
1.06	19.9506	9.01664	7.90039	6.47923
1.08	19.8859	8.92656	7.9063	6.4437
1.1	19.8277	8.86037	7.90971	6.42807
1.12	19.8379	8.89119	7.83097	6.4479
1.14	19.8492	8.92139	7.7515	6.46671
1.16	19.9544	8.99926	7.78154	6.46261
1.18	20.0869	9.11597	7.89357	6.45639
1.2	20.1803	9.20054	7.97532	6.44041
1.22	20.232	9.12751	7.85766	6.39784
1.24	20.2832	9.05445	7.74	6.35511
1.26	20.3619	8.99808	7.70773	6.34165
1.28	20.4319	8.94962	7.70768	6.35176
1.3	20.4931	8.91287	7.71381	6.37099
1.32	20.5512	8.93602	7.72975	6.36932
1.34	20.6092	8.95919	7.74571	6.36769
1.36	20.5848	9.01518	7.75492	6.4029
1.38	20.5176	9.08462	7.78325	6.46547
1.4	20.4891	9.13993	7.79421	6.51642
1.42	20.6893	9.119	7.74392	6.49504
1.44	20.8894	9.09807	7.69363	6.47364
1.46	20.9206	9.04293	7.73666	6.39857
1.48	20.8635	8.99949	7.82187	6.30935
1.5	20.8234	9.00289	7.89869	6.25268
1.52	20.8176	9.07338	7.80696	6.30915
1.54	20.8118	9.14384	7.71521	6.36561
1.56	20.8037	9.16101	7.66092	6.27893
1.58	20.8089	9.16379	7.6505	6.11616
1.6	20.8058	9.15353	7.66374	6.0076
1.62	20.7204	9.14908	7.74642	6.12747
1.64	20.635	9.14461	7.8291	6.24732
1.66	20.7679	9.12048	7.87016	6.28787
1.68	21.004	9.08753	7.9084	6.31281
1.7	21.121	9.08602	7.92943	6.32507
1.72	20.8419	9.14881	7.86047	6.22269
1.74	20.5628	9.21161	7.79149	6.12031
1.76	20.6675	9.31715	7.87308	6.17603
1.78	20.8583	9.42592	8.00481	6.29263
1.8	20.9802	9.4543	8.07866	6.35384
1.82	21.0247	9.3393	8.024	6.27257
1.84	21.0692	9.22431	7.96933	6.19129
1.86	21.1734	9.25869	8.00656	6.19809
1.88	21.2987	9.32444	8.07884	6.22069
1.9	21.3774	9.36047	8.11579	6.20535
1.92	21.2702	9.31593	8.04766	6.12019
1.94	21.1625	9.27139	7.97953	6.03501
1.96	21.2413	9.27655	7.93971	6.00165
1.98	21.3658	9.28738	7.90247	5.97712
2	21.4519	9.30645	7.87822	6.01748
2.02	21.5273	9.31735	7.85924	6.15521
2.04	21.6035	9.32825	7.84028	6.29292
2.06	21.6939	9.37139	7.98876	6.26911
2.08	21.7559	9.44679	8.18383	6.23984
2.1	21.8076	9.48819	8.29356	6.21097
2.12	21.8909	9.47099	8.25917	6.16504
2.14	21.979	9.4538	8.22476	6.1191
2.16	22.0535	9.45565	8.14439	6.09294
2.18	22.1166	9.44575	8.04485	6.06709
2.2	22.0778	9.44434	7.98056	6.02423
2.22	21.9362	9.45996	7.96634	5.96224
2.24	21.8019	9.47532	7.95204	5.90021
2.26	22.052	9.50149	8.02496	5.92154
2.28	22.3274	9.53206	8.11037	5.93134
2.3	22.5413	9.56602	8.1408	5.91395
2.32	22.6687	9.59598	8.09631	5.91026
2.34	22.7856	9.62428	8.05169	5.90888
2.36	22.7067	9.55035	7.97505	5.93391
2.38	22.6146	9.47422	7.89244	5.94292
2.4	22.5329	9.43495	7.90204	5.97556
2.42	22.4885	9.45321	8.00837	6.0564
2.44	22.458	9.47602	8.10594	6.13532
2.46	22.6473	9.53348	8.06544	6.10327
2.48	22.8531	9.58517	8.03231	6.0656
2.5	23.0116	9.56826	8.01618	6.05996
2.52	23.092	9.51744	7.99762	6.09046
2.54	23.1557	9.4845	7.97596	6.11914
2.56	23.0939	9.49551	7.95389	6.10151
2.58	23.0336	9.49911	7.933	6.08428
2.6	23.0407	9.55129	7.95714	6.04818
2.62	23.107	9.67498	7.9888	5.97348
2.64	23.1874	9.79605	8.00968	5.88868
2.66	23.3118	9.78021	8.02005	5.8759
2.68	23.4342	9.76212	8.03191	5.86737
2.7	23.4427	9.71833	7.96264	5.87139
2.72	23.3724	9.68646	7.82348	5.87001
2.74	23.3304	9.67456	7.70096	5.86879
2.76	23.5619	9.62637	7.80402	5.87065
2.78	23.7946	9.57789	7.90737	5.87254
2.8	23.9346	9.58119	8.02016	5.92727
2.82	24.0104	9.62685	8.13677	6.01132
2.84	24.0668	9.66639	8.22122	6.0738
2.86	24.1261	9.69772	8.10125	5.99242
2.88	24.1855	9.72905	7.98127	5.91109
2.9	24.1865	9.7106	7.95116	5.95323
2.92	24.1294	9.66149	7.97471	6.06838
2.94	24.1146	9.62591	8.01683	6.14181
2.96	24.26	9.60354	8.10306	6.01851
2.98	24.4055	9.58117	8.18927	5.89521
3	24.5856	9.70807	8.15399	5.88511
3.02	24.8089	9.91056	8.0667	5.92428
3.04	24.9894	10.0673	8.01604	5.95442
3.06	24.9244	10.0704	8.12482	5.98527
3.08	24.8595	10.0736	8.23359	6.01611
3.1	24.9733	10.0743	8.18407	5.98104
3.12	25.1477	10.0641	8.07635	5.89213
3.14	25.2795	10.0323	8.02444	5.8348
3.16	25.2734	9.98428	8.09051	5.90392
3.18	25.2673	9.93628	8.15658	5.97301
3.2	25.3724	9.92681	8.18719	5.88871
3.22	25.5435	9.91807	8.22217	5.75656
3.24	25.7103	9.93862	8.26479	5.66994
3.26	25.7983	10.0007	8.32529	5.70158
3.28	25.8863	10.0628	8.3858	5.73322
3.3	26.0194	10.0079	8.38642	5.71226
3.32	26.1683	9.92666	8.36342	5.68511
3.34	26.3629	9.90219	8.31304	5.68178
3.36	26.6363	9.98115	8.27111	5.73679
3.38	26.9084	10.0601	8.22921	5.79181
3.4	26.879	10.0438	8.23181	5.81173
3.42	26.821	10.0318	8.22859	5.81302
3.44	26.8773	10.0189	8.25822	5.82648
3.46	27.0174	9.95722	8.324	5.87155
3.48	27.1527	9.89514	8.38964	5.91716
3.5	27.3414	9.85971	8.33399	5.96122
3.52	27.5403	9.82538	8.276	6.0045
3.54	27.6625	9.8516	8.29007	6.02146
3.56	27.7558	9.99246	8.37756	6.01871
3.58	27.857	10.1282	8.46312	6.01534
3.6	28.0669	10.0902	8.3911	5.9519
3.62	28.2785	10.0356	8.31474	5.87238
3.64	28.5433	10.0051	8.31992	5.84082
3.66	28.8258	9.98424	8.40171	5.879
3.68	29.107	9.96783	8.47917	5.91807
3.7	29.3364	9.97237	8.45516	5.94402
3.72	29.5719	9.97361	8.42672	5.97015
3.74	29.7553	9.93333	8.3931	6.03148
3.76	29.9043	9.89763	8.36969	6.12212
3.78	30.0441	9.87863	8.35413	6.19625
3.8	30.2853	9.93352	8.46855	6.05812
3.82	30.5289	9.98648	8.58522	5.91675
3.84	30.6337	10.048	8.54094	5.90921
3.86	30.5896	10.1082	8.3691	6.00429
3.88	30.5845	10.1496	8.22617	6.0974
3.9	30.8463	10.145	8.48856	6.08756
3.92	31.1095	10.1407	8.7512	6.07757
3.94	31.3354	10.1325	8.74251	6.04824
3.96	31.556	10.0934	8.53861	6.01762
3.98	31.7419	10.0501	8.37942	5.99535
4	31.8206	9.99442	8.5132	6.01791
4.02	31.8994	9.93873	8.64699	6.04048
4.04	32.1288	9.8751	8.68365	6.01318
4.06	32.386	9.82589	8.68506	5.97447
4.08	32.6198	9.78697	8.69098	5.9597
4.1	32.8269	9.75287	8.69646	5.97728
4.12	33.034	9.71879	8.70191	5.99486
4.14	33.2906	9.71294	8.66527	6.02941
4.16	33.5822	9.71848	8.61174	6.07579
4.18	33.8398	9.69847	8.57067	6.09095
4.2	33.943	9.62953	8.57412	6.01295
4.22	34.0461	9.56054	8.57756	5.93496
4.24	34.2084	9.49681	8.64351	5.8727
4.26	34.3732	9.42414	8.72847	5.8108
4.28	34.5889	9.35086	8.78012	5.78981
4.3	34.8897	9.29272	8.71952	5.84207
4.32	35.1904	9.23458	8.6589	5.89432
4.34	35.2756	9.29239	8.72044	5.90111
4.36	35.3412	9.3762	8.81838	5.90978
4.38	35.4424	9.40893	8.86223	5.94721
4.4	35.6753	9.33667	8.8002	6.04075
4.42	35.9091	9.26439	8.73817	6.13429
4.44	36.1872	9.14522	8.68617	6.13156
4.46	36.4496	9.02729	8.63793	6.11622
4.48	36.6551	8.97017	8.6379	6.09698
4.5	36.7797	8.96719	8.69709	6.07106
4.52	36.9073	8.96434	8.7559	6.04584
4.54	37.1835	9.03523	8.69184	6.2661
4.56	37.4779	9.12664	8.61447	6.5095
4.58	37.6945	9.10028	8.55764	6.55997
4.6	37.7658	8.92024	8.55529	6.35319
4.62	37.8463	8.74984	8.55481	6.14845
4.64	38.2396	8.77255	8.42981	6.13385
4.66	38.6664	8.79954	8.28911	6.13104
4.68	39.0567	8.84212	8.23184	6.13406
4.7	39.4132	8.93803	8.26919	6.15907
4.72	39.7516	9.02877	8.29774	6.1865
4.74	39.8389	8.96486	8.19582	6.09782
4.76	39.9234	8.8951	8.09109	6.00428
4.78	40.0879	8.96437	8.06694	6.06059
4.8	40.2911	9.14296	8.11556	6.23542
4.82	40.484	9.34487	8.15999	6.38336
4.84	40.7449	9.66981	8.04845	6.31817
4.86	41.0076	9.99468	7.93628	6.25228
4.88	41.2949	10.3347	7.94593	6.22562
4.9	41.5986	10.6896	8.03829	6.22316
4.92	41.8903	11.0485	8.09921	6.2083
4.94	42.074	11.4541	8.00916	6.13726
4.96	42.2576	11.8596	7.91911	6.06621
4.98	42.7042	12.289	8.04125	6.13501
5	43.2468	12.7485	8.25548	6.27343
5.02	43.7336	13.2443	8.43212	6.37322
5.04	44.1032	13.8315	8.50538	6.32621
5.06	44.4727	14.4188	8.57861	6.27921
5.08	44.5723	14.8505	8.77292	6.25094
5.1	44.5701	15.2045	8.99368	6.22085
5.12	44.7127	15.5267	9.24783	6.21468
5.14	45.1805	15.7885	9.61422	6.28298
5.16	45.6484	16.0502	9.9806	6.3513
5.18	45.9126	16.1756	10.2889	6.37858
5.2	46.1663	16.2768	10.5891	6.39561
5.22	46.4767	16.2939	10.9031	6.37178
5.24	46.8522	16.1172	11.2292	6.29372
5.26	47.227	15.9405	11.5553	6.21567
5.28	47.5265	15.7393	11.7793	6.22576
5.3	47.8088	15.5444	11.9904	6.23493
5.32	48.1035	15.3527	12.2536	6.27525
5.34	48.4189	15.1454	12.5682	6.38016
5.36	48.7334	14.9342	12.8824	6.48472
5.38	49.0179	14.4917	12.8206	6.47796
5.4	49.3131	14.0495	12.7329	6.45648
5.42	49.6864	13.7109	12.7075	6.45264
5.44	50.1221	13.4729	12.7551	6.48296
5.46	50.5451	13.2318	12.7999	6.51113
5.48	50.8126	12.9608	12.738	6.5008
5.5	51.0728	12.689	12.6722	6.48669
5.52	51.343	12.543	12.5238	6.54504
5.54	51.6152	12.5286	12.2951	6.66932
5.56	51.9051	12.52	12.0685	6.78451
5.58	52.3975	12.4427	11.9295	6.6499
5.6	52.8914	12.3627	11.7915	6.5113
5.62	53.367	12.4139	11.6037	6.43141
5.64	53.8285	12.56	11.3851	6.39682
5.66	54.2859	12.6962	11.1916	6.37748
5.68	54.7154	12.8228	11.1791	6.54547
5.7	55.1445	12.9494	11.1667	6.71344
5.72	55.406	12.8983	11.0392	6.75576
5.74	55.5662	12.7227	10.8558	6.71452
5.76	55.7375	12.5905	10.6989	6.68041
5.78	56.0784	12.6979	10.6585	6.6982
5.8	56.4191	12.8053	10.6181	6.716
5.82	56.7004	12.7486	10.6543	6.71005
5.84	56.9602	12.6421	10.7213	6.70378
5.86	57.248	12.6127	10.7702	6.71645
5.88	57.58	12.7982	10.7541	6.74476
5.9	57.9119	12.9836	10.738	6.77307
5.92	58.3791	13.0476	10.7868	6.71111
5.94	58.8705	13.0616	10.8477	6.63713
5.96	59.2976	13.0801	10.9016	6.62358
5.98	59.6471	13.1178	10.9442	6.72202
6	59.9966	13.1554	10.9868	6.82048
6.02	60.3371	13.2201	11.0885	6.85851
6.04	60.6742	13.2999	11.2068	6.89602
6.06	61.0104	13.3584	11.2726	6.89435
6.08	61.3362	13.3713	11.2729	6.82603
6.1	61.663	13.3844	11.273	6.75739
6.12	62.1082	13.4586	11.3364	6.73309
6.14	62.5657	13.5343	11.3862	6.7059
6.16	63.0551	13.5906	11.4392	6.75836
6.18	63.5469	13.6359	11.5221	6.9205
6.2	64.028	13.68	11.604	7.08032
6.22	64.4815	13.7723	11.5493	7.00382
6.24	64.9468	13.8728	11.4834	6.91378
6.26	65.4003	13.9605	11.5173	6.85348
6.28	65.8183	14.0173	11.6633	6.82345
6.3	66.2278	14.0743	11.8158	6.78934
6.32	66.4622	14.124	11.8768	6.81708
6.34	66.6906	14.1733	11.9345	6.84514
6.36	67.1656	14.2089	11.9772	6.87419
6.38	67.859	14.2427	12.0304	6.89534
6.4	68.5515	14.2701	12.0804	6.89881
6.42	68.936	14.2982	12.0774	6.85446
6.44	69.3193	14.3263	12.0744	6.81014
6.46	69.8314	14.4755	12.0868	6.86069
6.48	70.4105	14.6634	12.0994	6.93696
6.5	70.9338	14.8079	12.0925	6.99317
6.52	71.4059	14.8756	12.085	7.02169
6.54	71.8778	14.9434	12.0774	7.05022
6.56	72.4127	14.9737	12.1199	7.09597
6.58	72.9283	14.9825	12.1702	7.14211
6.6	73.3874	15.02	12.2654	7.1653
6.62	73.7483	15.0874	12.4714	7.14048
6.64	74.1092	15.1548	12.6775	7.11566
6.66	74.9865	15.1938	12.6917	7.09828
6.68	75.9606	15.2345	12.6598	7.07579
6.7	76.7527	15.3172	12.671	7.0483
6.72	77.2452	15.4889	12.7508	7.03469
6.74	77.7379	15.6606	12.8305	7.02105
6.76	78.0994	15.6861	12.8322	7.0034
6.78	78.4465	15.6862	12.8372	6.98089
6.8	78.9232	15.7553	12.9111	6.98079
6.82	79.5405	15.9292	13.0549	6.99973
6.84	80.1532	16.1058	13.1988	7.01721
6.86	80.6402	16.2371	13.2229	6.96369
6.88	81.1248	16.3569	13.2451	6.91256
6.9	81.6018	16.4251	13.2603	6.86396
6.92	82.0707	16.4725	13.2613	6.81141
6.94	82.5336	16.5258	13.2685	6.76079
6.96	82.9881	16.4826	13.4875	6.86183
6.98	83.4442	16.4322	13.7082	6.96608
7	83.9818	16.492	13.8022	6.99134
7.02	84.5836	16.6463	13.8184	6.95255
7.04	85.1725	16.7865	13.862	6.91403
7.06	85.5957	16.8823	14.0313	6.8302
7.08	86.0184	16.978	14.2007	6.74631
7.1	86.6516	17.111	14.316	6.7606
7.12	87.3831	17.2428	14.4035	6.83516
7.14	88.0589	17.3773	14.4854	6.90106
7.16	88.485	17.591	14.5618	6.89941
7.18	88.9112	17.8046	14.6383	6.89775
7.2	89.3956	17.9884	14.7693	6.9382
7.22	89.9403	18.1531	14.9054	6.99845
7.24	90.5186	18.2656	14.9971	7.03038
7.26	91.1471	18.2536	14.969	6.99759
7.28	91.7755	18.2415	14.9409	6.9648
7.3	92.2676	18.3721	15.0859	6.92243
7.32	92.7433	18.5319	15.2768	6.87072
7.34	93.3398	18.6948	15.4418	6.84857
7.36	94.1169	18.8514	15.5558	6.898
7.38	94.8944	19.008	15.6698	6.94745
7.4	95.5463	19.0414	15.7445	6.96007
7.42	96.1698	19.065	15.8166	6.96367
7.44	96.6975	19.1224	15.8814	6.9452
7.46	97.1412	19.2274	15.9036	6.89731
7.48	97.5795	19.3341	15.925	6.85064
7.5	97.9819	19.5231	16.1412	6.88767
7.52	98.3842	19.7075	16.3796	6.92385
7.54	98.8686	19.8336	16.5101	6.94466
7.56	99.4069	19.9126	16.5132	6.97022
7.58	99.9449	19.9889	16.519	7.00407
7.6	100.296	20.0281	16.5783	7.04323
7.62	100.647	20.0668	16.6384	7.08086
7.64	100.961	20.1939	16.7076	7.07239
7.66	101.247	20.3905	16.7779	7.03439
7.68	101.534	20.5697	16.8513	6.99734
7.7	101.873	20.522	16.9853	7.04953
7.72	102.212	20.4743	17.1195	7.10179
7.74	102.568	20.5406	17.1516	7.08871
7.76	102.935	20.6734	17.1379	7.00535
7.78	103.322	20.7871	17.1755	6.91831
7.8	103.768	20.8828	17.3952	6.93445
7.82	104.213	20.9785	17.6149	6.95057
7.84	104.455	21.1951	17.7367	6.9727
7.86	104.631	21.4479	17.8234	6.98458
7.88	104.8	21.6472	17.9281	6.99721
7.9	105.008	21.7087	18.0978	7.01711
7.92	105.215	21.7702	18.2673	7.03699
7.94	105.449	21.9026	18.3138	7.034
7.96	105.653	22.0347	18.32	7.02122
7.98	105.86	22.1809	18.4064	7.01693
8	106.091	22.4007	18.6317	7.02795
8.02	106.319	22.6205	18.8569	7.03907
8.04	106.086	22.69	18.8247	6.94732
8.06	105.831	22.7377	18.7784	6.84437
8.08	105.584	22.8466	18.8559	6.82228
8.1	105.317	23.0313	19.0691	6.89314
8.12	105.042	23.2163	19.2805	6.95942
8.14	104.843	23.5045	19.3842	6.94527
8.16	104.652	23.7972	19.4862	6.93028
8.18	104.45	23.9257	19.5944	6.9341
8.2	104.189	23.9144	19.703	6.95428
8.22	103.916	23.9436	19.8172	6.97799
8.24	103.546	24.3569	20.0116	7.05979
8.26	103.175	24.7702	20.206	7.1418
8.28	102.755	24.9244	20.3695	7.14546
8.3	102.331	24.9221	20.5084	7.10531
8.32	101.874	24.9596	20.6408	7.06528
8.34	101.26	25.1935	20.7465	6.98031
8.36	100.646	25.4275	20.8521	6.89535
8.38	100.006	25.6318	21.0179	6.91843
8.4	99.36	25.8121	21.2196	6.99964
8.42	98.6909	25.9899	21.4112	7.0829
8.44	97.978	26.1674	21.5364	7.12999
8.46	97.2653	26.345	21.6616	7.1771
8.48	96.4239	26.5585	21.8978	7.15187
8.5	95.5482	26.7928	22.1609	7.11785
8.52	94.6232	26.9715	22.3578	7.10617
8.54	93.5359	27.0416	22.4533	7.1187
8.56	92.4463	27.1117	22.5489	7.13111
8.58	91.4554	27.3263	22.6575	7.0933
8.6	90.5071	27.5497	22.7687	7.04867
8.62	89.5553	27.7478	22.9141	6.99338
8.64	88.5732	27.9304	23.1055	6.93878
8.66	87.5874	28.115	23.2988	6.88845
8.68	86.1905	28.2448	23.4236	6.91762
8.7	84.7746	28.3712	23.544	6.94917
8.72	83.3414	28.5373	23.7103	7.01246
8.74	81.9208	28.7328	23.9241	7.08995
8.76	80.5018	28.9319	24.1272	7.14945
8.78	79.0428	29.2179	24.2364	7.06737
8.8	77.5826	29.5041	24.3458	6.98535
8.82	76.007	29.7557	24.498	6.93725
8.84	74.3703	29.9846	24.6705	6.91819
8.86	72.688	30.1997	24.8498	6.91258
8.88	70.7571	30.3533	25.027	6.9663
8.9	68.826	30.507	25.2044	7.02002
8.92	67.0387	30.6957	25.3651	7.06669
8.94	65.3033	30.9018	25.5257	7.10066
8.96	63.4081	31.1281	25.6892	7.10108
8.98	61.1056	31.3838	25.8632	7.02302
9	58.8031	31.6395	26.037	6.94493
9.02	56.567	31.8695	26.2306	6.91885
9.04	54.3238	32.1047	26.4277	6.90628
9.06	51.8858	32.3353	26.6079	6.91772
9.08	49.1607	32.5454	26.7551	6.96105
9.1	46.4348	32.7552	26.9026	7.00437
9.12	43.6538	32.9989	27.0985	6.92542
9.14	40.8638	33.2442	27.3036	6.83436
9.16	37.9763	33.4568	27.4673	6.79082
9.18	34.9571	33.6302	27.5926	6.79907
9.2	31.9157	33.8018	27.7253	6.80851
9.22	28.4939	33.9305	27.9514	6.75869
9.24	25.0623	34.0575	28.1781	6.70544
9.26	21.3889	34.2019	28.3662	6.71957
9.28	17.5278	34.3566	28.5241	6.79095
9.3	13.6277	34.5234	28.6762	6.85824
9.32	9.5301	34.8719	28.8193	6.89407
9.34	5.43265	35.2204	28.9625	6.9299
9.36	1.03039	35.5048	29.1128	6.92193
9.38	-3.55731	35.7512	29.2623	6.89007
9.4	-8.29256	35.982	29.4263	6.85701
9.42	-13.602	36.1291	29.65	6.82243
9.44	-18.9115	36.2762	29.8738	6.78784
9.46	-24.3037	36.5067	30.0574	6.78939
9.48	-29.7203	36.7697	30.2335	6.80167
9.5	-35.3926	37.0551	30.4199	6.80826
9.52	-41.5944	37.3768	30.6232	6.81401
9.54	-47.7964	37.6985	30.8264	6.81976
9.56	-54.2351	37.9477	31.0347	6.83827
9.58	-60.7359	38.1915	31.238	6.85655
9.6	-67.6255	38.4131	31.424	6.88468
9.62	-75.0034	38.5754	31.6064	6.94316
9.64	-82.38	38.739	31.789	7.00234
9.66	-90.4323	39.0177	32.0221	6.9054
9.68	-98.551	39.3107	32.2539	6.79509
9.7	-107.008	39.5766	32.5021	6.72416
9.72	-115.769	39.813	32.7604	6.70873
9.74	-124.624	40.0533	33.0146	6.69684
9.76	-134.493	40.363	33.1772	6.75387
9.78	-144.37	40.6735	33.3394	6.81084
9.8	-154.666	40.9428	33.5825	6.79306
9.82	-165.26	41.1859	33.8891	6.71445
9.84	-176.077	41.447	34.1792	6.64004
9.86	-187.873	41.7841	34.373	6.63956
9.88	-199.669	42.1212	34.5668	6.6391
9.9	-212.088	42.449	34.7144	6.65176
9.92	-224.782	42.7834	34.8419	6.66067
9.94	-237.87	43.1348	35.0409	6.67689
9.96	-252.058	43.4922	35.4414	6.7222
9.98	-266.247	43.8496	35.8418	6.76751
10	-281.421	44.0405	36.0653	6.82345
10.02	-296.796	44.2003	36.2497	6.87923
10.04	-312.721	44.477	36.5233	6.92057
10.06	-329.627	44.9283	36.9347	6.93456
10.08	-346.538	45.3795	37.3463	6.94877
10.1	-365.251	45.7578	37.523	6.93207
10.12	-384.11	46.1399	37.6897	6.91169
10.14	-403.775	46.4536	37.9055	6.85426
10.16	-424.32	46.6883	38.1603	6.7512
10.18	-444.948	46.9252	38.4124	6.65826
10.2	-467.455	47.1776	38.7083	6.84628
10.22	-490.004	47.432	39.0052	7.0366
10.24	-514.203	47.7229	39.2117	7.09755
10.26	-539.579	48.029	39.3529	7.06505
10.28	-565.248	48.3263	39.5213	7.05106
10.3	-592.785	48.62	39.8711	7.16622
10.32	-620.321	48.9137	40.221	7.28138
10.34	-650.148	49.1712	40.5131	7.32023
10.36	-681.022	49.4053	40.7796	7.32295
10.38	-712.859	49.6541	41.0524	7.31401
10.4	-747.733	49.9381	41.3276	7.30136
10.42	-782.605	50.2222	41.6026	7.28871
10.44	-820.658	50.6075	41.8131	7.31298
10.46	-859.517	51.0265	42.0113	7.33569
10.48	-900.115	51.3795	42.2286	7.36489
10.5	-943.892	51.5922	42.4882	7.43298
10.52	-987.677	51.8048	42.7478	7.50114
10.54	-1036.41	52.2223	43.065	7.56438
10.56	-1085.68	52.6604	43.386	7.62308
10.58	-1137.57	53.0109	43.6156	7.60867
10.6	-1192.39	53.2564	43.7488	7.51438
10.62	-1247.44	53.5047	43.8929	7.42696
10.64	-1307.83	53.7457	44.214	7.4574
10.66	-1368.34	53.9865	44.5357	7.48886
10.68	-1431.75	54.2917	44.7836	7.55936
10.7	-1497.15	54.6469	44.9869	7.65891
10.72	-1562.96	54.9962	45.1991	7.74644
10.74	-1630.59	55.3558	45.4602	7.8074
10.76	-1698.22	55.7155	45.7214	7.86835
10.78	-1763.94	56.0332	45.9934	7.8215
10.8	-1828.56	56.3216	46.2635	7.72024
10.82	-1890.05	56.6006	46.5073	7.67575
10.84	-1941.31	56.8568	46.6909	7.80779
10.86	-1992.58	57.1131	46.8744	7.93984
10.88	-2019.22	57.3749	47.053	7.98536
10.9	-2039.71	57.6397	47.231	8.01528
10.92	-2039.16	57.9014	47.4462	7.99694
10.94	-2001.55	58.1624	47.7162	7.89822
10.96	-1963.63	58.4233	47.9863	7.79953
10.98	-1839.23	58.5307	48.1338	7.85412
11	-1707.68	58.6235	48.2769	7.91786
11.02	-1510.09	58.781	48.4192	7.9294
11.04	-1243.38	59.0022	48.5546	7.89121
11.06	-966.867	59.2186	48.6773	7.86134
11.08	-532.09	59.4125	48.6548	7.97696
11.1	-96.476	59.6067	48.6322	8.09251
11.12	447.756	59.6171	48.6735	8.14181
11.14	1059.73	59.5044	48.7503	8.14158
11.16	1696.6	59.4423	48.8129	8.14012
11.18	2444.15	59.6133	48.8139	8.11374
11.2	3191.7	59.7842	48.8149	8.08735
11.22	3968.15	59.7693	48.8489	8.112
11.24	4752.41	59.6919	48.8978	8.15907
11.26	5507.2	59.5939	48.9264	8.19955
11.28	6181.9	59.4389	48.9001	8.21226
11.3	6856.59	59.2839	48.8739	8.22501
11.32	7304.96	59.1736	48.7962	8.24555
11.34	7710.92	59.0719	48.7064	8.27046
11.36	7961.29	58.9312	48.5902	8.31006
11.38	7981.79	58.7196	48.437	8.36812
11.4	7998.85	58.5067	48.2836	8.42624
11.42	7623.91	58.1936	48.0112	8.45719
11.44	7232.9	57.8812	47.7355	8.48889
11.46	6668.36	57.5313	47.4115	8.48299
11.48	5950.89	57.1412	47.042	8.44421
11.5	5216.92	56.7505	46.6708	8.41622
11.52	4346.86	56.3297	46.2576	8.49714
11.54	3476.73	55.9088	45.8444	8.57807
11.56	2630.22	55.4235	45.3928	8.5881
11.58	1801.67	54.9142	44.9303	8.55422
11.6	1010.65	54.3995	44.4735	8.55635
11.62	376.031	53.856	44.0331	8.69963
11.64	-258.589	53.3127	43.5929	8.8429
11.66	-697.369	52.7041	43.0173	8.8789
11.68	-1075.58	52.0767	42.3981	8.88423
11.7	-1380.14	51.4053	41.7993	8.89458
11.72	-1534.17	50.636	41.239	8.91655
11.74	-1688.19	49.8668	40.6787	8.93857
11.76	-1714.74	49.1785	40.0702	8.99771
11.78	-1726.61	48.498	39.4582	9.06263
11.8	-1707.84	47.7068	38.7533	9.10486
11.82	-1653.54	46.7874	37.9377	9.12106
11.84	-1598.13	45.8703	37.1243	9.13942
11.86	-1516.15	44.8989	36.3055	9.16901
11.88	-1433.62	43.9248	35.4854	9.19659
11.9	-1342.04	43.0329	34.6873	9.22462
11.92	-1243.84	42.2066	33.8973	9.26625
11.94	-1144.63	41.3448	33.0674	9.31454
11.96	-1041.23	40.2409	31.9652	9.40323
11.98	-937.833	39.1371	30.863	9.49193
12	-842.643	38.0185	29.8198	9.57312
12.02	-751.775	36.8882	28.8001	9.65804
12.04	-667.061	35.7104	27.7302	9.76097
12.06	-601.644	34.3968	26.5487	9.89176
12.08	-536.226	33.0832	25.3671	10.0225
12.1	-489.609	31.7782	24.2791	10.021
12.12	-447.156	30.4758	23.2031	9.99426
12.14	-409.301	29.0306	22.0245	10.0439
12.16	-378.598	27.3424	20.6641	10.2197
12.18	-347.914	25.6551	19.3038	10.3952
12.2	-320.905	24.1154	17.93	10.4294
12.22	-294.143	22.5836	16.5569	10.4547
12.24	-269.5	20.8731	15.0795	10.507
12.26	-247.131	18.9915	13.4923	10.5705
12.28	-225.145	17.128	11.8991	10.6276
12.3	-208.949	15.4004	10.2525	10.8099
12.32	-192.794	13.6728	8.60588	10.9922
12.34	-180.186	11.6974	6.79049	10.9893
12.36	-169.579	9.5796	4.87757	10.8719
12.38	-159.565	7.46251	2.97651	10.8073
12.4	-151.934	5.33726	1.08487	10.9911
12.42	-144.303	3.212	-0.80677	11.1748
12.44	-138.062	0.78814	-2.84048	11.2788
12.46	-132.228	-1.71855	-4.91297	11.3545
12.48	-126.288	-4.26804	-7.11418	11.4072
12.5	-119.966	-6.93938	-9.59689	11.4185
12.52	-113.645	-9.6107	-12.0796	11.4298
12.54	-105.898	-12.5823	-14.4881	11.528
12.56	-97.935	-15.5897	-16.8873	11.6301
12.58	-89.0984	-18.6658	-19.447	11.7137
12.6	-79.2781	-21.8311	-22.2071	11.7884
12.62	-69.411	-25.0134	-24.9754	11.8653
12.64	-59.1064	-28.5465	-27.9182	11.9322
12.66	-48.8071	-32.0831	-30.8624	11.9991
12.68	-39.3634	-35.8595	-34.0371	12.0724
12.7	-30.5341	-39.8037	-37.3745	12.1502
12.72	-21.9263	-43.7867	-40.7502	12.1787
12.74	-14.9242	-48.0072	-44.3946	11.9479
12.76	-7.92218	-52.2276	-48.0391	11.7171
12.78	-4.23172	-56.7151	-51.8442	11.8165
12.8	-1.95514	-61.3034	-55.7048	12.0405
12.82	-2.07175	-66.0338	-59.6723	12.2148
12.84	-8.45643	-71.0823	-63.8974	12.2863
12.86	-14.8411	-76.1307	-68.1225	12.3579
12.88	-30.3357	-81.7454	-72.7772	12.3129
12.9	-47.4472	-87.4579	-77.5042	12.2426
12.92	-69.175	-93.293	-82.3836	12.2082
12.94	-97.1078	-99.2976	-87.4833	12.2273
12.96	-125.25	-105.31	-92.5889	12.2445
12.98	-160.233	-111.893	-98.102	12.2383
13	-195.392	-118.495	-103.625	12.2314
13.02	-230.33	-125.417	-109.48	12.2493
13.04	-264.717	-132.589	-115.594	12.2869
13.06	-298.148	-139.846	-121.77	12.326
13.08	-323.267	-147.726	-128.349	12.3857
13.1	-348.385	-155.607	-134.928	12.4455
13.12	-362.455	-163.944	-141.911	12.4987
13.14	-371.489	-172.476	-149.076	12.5446
13.16	-375.806	-181.193	-156.391	12.5728
13.18	-366.914	-190.448	-164.123	12.5586
13.2	-358.023	-199.702	-171.854	12.5445
13.22	-336.861	-209.804	-180.245	12.5943
13.24	-313.294	-220.081	-188.773	12.6589
13.26	-285.696	-230.707	-197.536	12.7685
13.28	-252.386	-241.854	-206.649	12.9468
13.3	-219.017	-253.004	-215.764	13.1262
13.32	-182.601	-265.225	-225.923	13.0811
13.34	-146.13	-277.492	-236.123	13.0256
13.36	-111.921	-290.414	-246.794	12.9941
13.38	-79.9252	-303.872	-257.854	12.9766
13.4	-48.9244	-317.469	-269.037	12.9583
13.42	-26.7389	-332.311	-281.234	12.9505
13.44	-4.55332	-347.153	-293.431	12.9426
13.46	9.17008	-363	-306.376	13.0599
13.48	18.9228	-379.309	-319.667	13.2316
13.5	26.0027	-396.066	-333.316	13.3538
13.52	25.3913	-414.159	-347.996	13.3476
13.54	24.78	-432.253	-362.676	13.3413
13.56	19.3205	-451.936	-378.746	13.2869
13.58	12.9835	-471.959	-395.116	13.2217
13.6	7.12176	-492.862	-412.178	13.2233
13.62	2.31166	-515.112	-430.276	13.3229
13.64	-2.43395	-537.369	-448.379	13.4225
13.66	-1.03656	-562.267	-468.281	13.5127
13.68	0.72878	-587.278	-488.246	13.6028
13.7	6.3756	-613.797	-509.532	13.6428
13.72	15.2991	-641.57	-531.928	13.6434
13.74	24.821	-669.703	-554.621	13.6283
13.76	38.1024	-700.858	-579.589	13.4866
13.78	51.3839	-732.015	-604.558	13.3449
13.8	64.387	-765.688	-631.595	13.3541
13.82	77.1102	-800.504	-659.585	13.4274
13.84	88.5043	-836.258	-688.381	13.492
13.86	95.7921	-874.7	-719.394	13.5588
13.88	103.08	-913.141	-750.407	13.6256
13.9	104.248	-954.823	-784.465	13.5726
13.92	104.139	-997.164	-819.148	13.4887
13.94	102.292	-1040.6	-855.092	13.4859
13.96	98.041	-1085.57	-892.822	13.5965
13.98	93.7554	-1130.56	-930.565	13.7074
14	88.8279	-1176.71	-971.022	13.5713
14.02	83.9255	-1222.87	-1011.54	13.4311
14.04	79.8788	-1267.6	-1052.66	13.3845
14.06	76.5783	-1311.06	-1094.22	13.4073
14.08	73.5352	-1353.52	-1135.55	13.4213
14.1	72.2934	-1388.21	-1175.07	13.424
14.12	71.0515	-1422.9	-1214.58	13.4267
14.14	70.5901	-1444.35	-1248.87	13.4377
14.16	70.4291	-1459.92	-1280.81	13.447
14.18	70.1014	-1466.4	-1308.19	13.4258
14.2	69.1882	-1448.52	-1323.58	13.3613
14.22	68.2751	-1430.65	-1338.96	13.2967
14.24	66.2905	-1368.6	-1329.6	13.28
14.26	64.1184	-1298.25	-1315.71	13.2629
14.28	61.8399	-1196.44	-1282.17	13.2512
14.3	59.4743	-1052.56	-1222.26	13.2497
14.32	57.1215	-907.302	-1161.7	13.2478
14.34	56.1576	-670.58	-1037.22	13.2453
14.36	55.2501	-432.397	-912.202	13.2444
14.38	56.3047	-133.695	-738.871	13.1929
14.4	58.8746	208.472	-530.562	13.0984
14.42	62.0216	566.078	-307.557	13.003
14.44	68.2258	1004.63	-5.98067	12.9452
14.46	74.4301	1443.19	295.596	12.8874
14.48	81.3758	1930.26	662.155	12.7495
14.5	88.5124	2434.44	1052.06	12.5784
14.52	94.9515	2937.9	1460.56	12.4107
14.54	99.5857	3437.31	1909.24	12.2466
14.56	104.22	3936.74	2357.92	12.0825
14.58	103.983	4363.31	2810.82	11.9705
14.6	103.083	4779.27	3263.84	11.8667
14.62	99.455	5111.97	3683.97	11.7428
14.64	92.6748	5349.14	4065.4	11.5953
14.66	85.638	5576.55	4440.42	11.45
14.68	74.1164	5569.69	4669.28	11.2995
14.7	62.5691	5562.62	4898.11	11.1488
14.72	50.1651	5390.24	4993.28	11.0295
14.74	37.296	5117.7	5006.1	10.9315
14.76	24.4989	4799.68	4971.39	10.7762
14.78	12.1305	4306.68	4747.2	10.4034
14.8	-0.23798	3813.68	4522.99	10.0306
14.82	-10.81	3221.12	4138.69	9.79413
14.84	-20.8314	2601.46	3708.92	9.59792
14.86	-30.0233	1984.47	3236.41	9.39707
14.88	-37.7338	1376.11	2688.97	9.19052
14.9	-45.439	767.764	2141.54	8.98414
14.92	-50.1543	269.471	1589.07	8.60305
14.94	-54.6508	-219.974	1037.03	8.20816
14.96	-57.1684	-609.319	537.516	7.85397
14.98	-57.8058	-906.49	88.2722	7.54287
15	-57.9972	-1184.8	-345.41	7.2276
15.02	-53.7316	-1291.81	-628.804	6.8517
15.04	-49.4651	-1398.82	-912.197	6.47581
15.06	-41.3688	-1412.75	-1078.49	6.06208
15.08	-31.3843	-1383.57	-1189.02	5.63188
15.1	-20.1164	-1337.82	-1266.9	5.20655
15.12	-5.20485	-1247.94	-1250.8	4.79105
15.14	9.70675	-1158.07	-1234.69	4.37556
15.16	25.5062	-1065.6	-1167.3	3.80571
15.18	41.3991	-973.116	-1090.35	3.20608
15.2	55.455	-890.04	-1010.71	2.64129
15.22	66.6484	-819.864	-927.726	2.12564
15.24	77.7188	-749.884	-844.853	1.61092
15.26	80.2488	-695.787	-779.666	1.16997
15.28	82.5279	-641.865	-714.696	0.72733
15.3	78.7603	-590.697	-659.001	0.16832
15.32	70.5248	-541.35	-610.029	-0.4732
15.34	61.0701	-492.054	-561.866	-1.09104
15.36	45.244	-443.264	-517.744	-1.60217
15.38	29.4177	-394.473	-473.623	-2.11331
15.4	10.648	-351.16	-429.59	-2.68577
15.42	-9.11933	-309.861	-385.599	-3.27872
15.44	-28.5793	-273.962	-343.723	-3.89469
15.46	-47.2635	-248.215	-305.868	-4.55203
15.48	-65.931	-222.47	-268.015	-5.20987
15.5	-80.0499	-209.85	-242.965	-5.78508
15.52	-93.8848	-197.704	-218.517	-6.35919
15.54	-103.854	-187.631	-200.636	-7.01494
15.56	-110.415	-179.167	-188.323	-7.73279
15.58	-115.992	-170.294	-176.594	-8.46891
15.6	-114.201	-158.237	-168.596	-9.32046
15.62	-112.409	-146.181	-160.598	-10.172
15.64	-106.199	-132.167	-150.89	-10.8703
15.66	-98.1948	-117.415	-140.453	-11.5116
15.68	-89.4895	-103.483	-129.277	-12.1964
15.7	-79.1572	-91.7469	-116.38	-12.971
15.72	-68.8252	-80.0103	-103.482	-13.7457
15.74	-59.4314	-73.1721	-92.6694	-14.5686
15.76	-50.2193	-66.9922	-82.1772	-15.3982
15.78	-42.3916	-62.1113	-73.8737	-16.3092
15.8	-36.2829	-58.6737	-68.1221	-17.3122
15.82	-30.3222	-55.1926	-62.5169	-18.3093
15.84	-27.6395	-50.3378	-59.4876	-19.216
15.86	-24.9808	-45.483	-56.4584	-20.1227
15.88	-24.5114	-39.6608	-52.804	-21.1271
15.9	-25.3541	-33.2943	-48.7713	-22.1908
15.92	-26.7731	-26.9627	-44.2986	-23.3065
15.94	-30.2917	-20.8564	-38.2501	-24.5835
15.96	-33.8103	-14.75	-32.2017	-25.8605
15.98	-37.8951	-10.2101	-26.2837	-27.1885
16	-42.0907	-6.04563	-20.4082	-28.5277
16.02	-46.0597	-2.54129	-15.1365	-29.8064
16.04	-49.603	-0.08093	-10.8061	-30.9894
16.06	-53.1301	2.3732	-6.47793	-32.1722
16.08	-54.6563	2.60168	-3.81545	-33.6164
16.1	-56.1056	2.76314	-1.19823	-35.0687
16.12	-56.8761	0.55102	0.22593	-36.6599
16.14	-57.1438	-3.53649	0.7305	-38.3619
16.16	-57.3315	-8.51103	0.66365	-40.0677
16.18	-57.0904	-18.4951	-2.67519	-41.8018
16.2	-56.8493	-28.4792	-6.01402	-43.536
16.22	-56.604	-42.748	-13.3077	-45.4339
16.24	-56.3559	-58.5071	-21.9929	-47.388
16.26	-56.1915	-75.5921	-32.4323	-49.3948
16.28	-56.2023	-95.3704	-46.4486	-51.5128
16.3	-56.2129	-115.149	-60.465	-53.6306
16.32	-55.7292	-136.076	-78.17	-55.8484
16.34	-55.1754	-157.086	-96.2113	-58.0754
16.36	-53.8768	-177.101	-115.048	-60.4616
16.38	-51.8229	-196.072	-134.636	-62.9989
16.4	-49.6491	-214.425	-154.072	-65.544
16.42	-46.2443	-226.646	-171.828	-68.1812
16.44	-42.8396	-238.866	-189.584	-70.8185
16.46	-39.4584	-244.352	-203.352	-73.6517
16.48	-36.1339	-246.73	-215.292	-76.572
16.5	-33.4206	-246.117	-224.707	-79.5395
16.52	-32.5337	-237.673	-227.484	-82.6361
16.54	-31.6467	-229.228	-230.261	-85.7326
16.56	-34.8469	-213.728	-224.6	-89.1843
16.58	-38.7409	-197.191	-217.649	-92.6929
16.6	-45.0834	-178.476	-206.94	-96.2902
16.62	-54.3377	-157.234	-191.862	-99.9854
16.64	-63.7638	-135.945	-176.548	-103.686
16.66	-75.2602	-114.424	-157.116	-107.581
16.68	-86.7588	-92.9029	-137.683	-111.476
16.7	-95.8433	-73.3374	-117.819	-115.689
16.72	-103.385	-54.9004	-97.7313	-120.079
16.74	-109.084	-37.8561	-78.2698	-124.534
16.76	-108.394	-25.3934	-60.9259	-129.199
16.78	-107.704	-12.9308	-43.5821	-133.863
16.8	-99.647	-5.55176	-30.6401	-138.94
16.82	-90.0105	0.7828	-18.6188	-144.105
16.84	-78.0942	5.04807	-8.98316	-149.407
16.86	-63.1524	6.45473	-2.62807	-154.898
16.88	-48.1808	7.78926	3.65727	-160.395
16.9	-33.883	6.56808	5.19158	-166.371
16.92	-19.6332	5.34342	6.72383	-172.348
16.94	-8.97788	4.33817	6.56306	-178.586
16.96	-0.83378	3.52716	5.3274	-184.986
16.98	5.86186	3.31816	4.09569	-191.483
17	6.52263	5.55027	2.96781	-198.378
17.02	7.18338	7.78237	1.83994	-205.273
17.04	3.87957	12.7877	2.51141	-212.307
17.06	-0.44679	18.5119	3.65116	-219.378
17.08	-5.26302	24.9887	6.16416	-226.559
17.1	-10.6811	32.6061	10.8502	-233.916
17.12	-16.0839	40.2253	15.5412	-241.273
17.14	-19.7595	47.1355	22.3403	-248.568
17.16	-23.3667	54.0181	29.1799	-255.864
17.18	-25.518	59.0913	35.7743	-262.779
17.2	-26.586	62.79	42.1713	-269.421
17.22	-27.3605	65.82	48.169	-275.967
17.24	-26.7812	65.6983	52.1818	-282.017
17.26	-26.202	65.5768	56.1945	-288.067
17.28	-25.5763	63.1639	57.48	-293.013
17.3	-24.9271	60.0547	57.9438	-297.627
17.32	-24.2486	56.6794	57.3664	-301.49
17.34	-23.5524	52.9089	54.9569	-304.033
17.36	-22.8571	49.1387	52.547	-306.574
17.38	-21.9679	46.6234	49.0666	-306.034
17.4	-21.0402	44.1753	45.5444	-305.353
17.42	-19.454	42.7768	42.6006	-302.424
17.44	-17.2998	42.2408	40.144	-297.661
17.46	-14.8513	41.9123	37.9238	-292.115
17.48	-10.5003	42.6903	37.1134	-282.037
17.5	-6.14921	43.4684	36.3028	-271.96
17.52	-0.60293	44.3205	36.5115	-256.986
17.54	5.35076	45.1889	37.0624	-240.314
17.56	10.908	45.8346	37.7464	-221.065
17.58	15.4634	46.0352	38.6835	-196.818
17.6	20.0158	46.2358	39.6207	-172.571
17.62	20.4056	45.899	39.9117	-140.218
17.64	20.3776	45.5227	40.1477	-107.303
17.66	16.9747	45.1858	40.101	-69.5758
17.68	10.5058	44.9038	39.8126	-27.6375
17.7	3.52781	44.7218	39.5341	15.4481
17.72	-6.69628	45.3318	39.3672	66.2415
17.74	-16.9204	45.9419	39.2001	117.035
17.76	-26.115	47.2656	39.7238	173.659
17.78	-34.7846	48.8427	40.5155	232.457
17.8	-41.6484	50.4741	41.607	293.208
17.82	-44.4279	52.1648	43.3189	357.966
17.84	-47.2053	53.8555	45.0309	422.724
17.86	-44.1951	54.715	46.9555	490.266
17.88	-40.6496	55.4906	48.8862	558.026
17.9	-35.3372	54.8983	50.2236	625.244
17.92	-28.4506	53.035	51.0056	691.938
17.94	-21.5098	50.8859	51.5451	757.852
17.96	-14.3617	46.5832	50.2398	818.179
17.98	-7.21359	42.2805	48.9344	878.506
18	-1.98196	36.4245	45.4856	930.458
18.02	2.42441	29.9955	41.2035	979.207
18.04	5.94818	23.4148	36.3198	1022.29
18.06	7.50712	16.5574	30.1948	1053.72
18.08	9.06496	9.70001	24.0698	1085.14
18.1	7.97679	3.99393	17.3803	1095.99
18.12	6.64876	-1.6155	10.6455	1105.21
18.14	4.09169	-6.25691	4.3358	1100.73
18.16	0.40845	-10.0178	-1.5873	1084.09
18.18	-3.48019	-13.5313	-7.25363	1063.77
18.2	-8.8858	-15.4079	-11.1747	1019.74
18.22	-14.2914	-17.2845	-15.0957	975.716
18.24	-20.0232	-17.7261	-17.5541	912.199
18.26	-25.8478	-17.6392	-19.4701	841.635
18.28	-31.2496	-17.0139	-20.7505	763.536
18.3	-35.8094	-15.3442	-20.7981	671.064
18.32	-40.369	-13.6745	-20.8456	578.591
18.34	-43.0189	-10.695	-19.3613	471.743
18.36	-45.5276	-7.63756	-17.7867	364.082
18.38	-47.3198	-3.71753	-15.3592	253.109
18.4	-48.5361	0.89809	-12.2388	139.43
18.42	-49.7806	5.65632	-8.86872	26.7021
18.44	-51.1807	11.1381	-4.19613	-81.7877
18.46	-52.5808	16.6199	0.47644	-190.278
18.48	-54.5263	21.7234	5.74908	-286.285
18.5	-56.6366	26.7327	11.2088	-378.904
18.52	-58.5783	30.9354	16.5614	-461.234
18.54	-60.276	33.9369	21.7867	-528.138
18.56	-61.92	36.8428	26.9414	-593.998
18.58	-60.9416	36.3834	30.41	-629.375
18.6	-59.9306	35.8722	33.8561	-664.186
18.62	-56.3545	32.7926	35.1708	-676.89
18.64	-51.2218	28.1795	35.2943	-676.892
18.66	-45.0264	22.674	34.3839	-668.571
18.68	-35.3601	14.4963	30.3315	-635.804
18.7	-25.6937	6.31872	26.2751	-602.992
18.72	-14.5157	-3.15788	18.9556	-547.388
18.74	-2.99416	-12.931	11.1492	-488.426
18.76	7.44505	-22.1132	2.516	-421.808
18.78	17.0313	-30.9151	-7.10642	-346.999
18.8	25.8553	-39.2953	-16.5212	-272.229
18.82	30.6558	-45.372	-25.3467	-193.518
18.84	35.4363	-51.4394	-34.171	-114.774
18.86	35.6915	-54.5192	-40.8687	-43.2424
18.88	34.5972	-56.796	-47.115	27.0872
18.9	31.7264	-57.6339	-51.7977	89.263
18.92	25.7028	-56.3143	-54.2348	141.154
18.94	19.6753	-54.7239	-56.232	189.344
18.96	12.5508	-51.2452	-55.6777	218.481
18.98	5.20371	-47.5217	-54.8037	245.446
19	-0.85727	-43.2521	-52.248	254.238
19.02	-6.3757	-38.5991	-48.7923	254.5
19.04	-10.662	-34.0408	-45.0133	247.83
19.06	-12.4536	-29.3581	-40.1491	224.92
19.08	-13.8929	-24.8664	-35.3284	200.311
19.1	-12.6514	-21.4445	-30.5989	164.71
19.12	-10.6867	-18.2619	-25.8475	125.898
19.14	-8.12796	-16.3464	-21.9818	84.8193
19.16	-4.7224	-15.3623	-18.5658	40.5502
19.18	-1.70725	-14.824	-15.7054	-1.90734
19.2	0.47698	-15.5569	-14.3043	-41.5915
19.22	2.46145	-16.5001	-13.2043	-79.839
19.24	2.94508	-18.2045	-13.319	-109.128
19.26	2.92123	-20.2215	-13.9463	-135.392
19.28	2.7226	-22.0232	-14.9089	-153.693
19.3	1.75158	-23.9426	-16.6021	-162.338
19.32	1.21214	-25.8427	-18.3516	-167.38
19.34	1.74122	-27.5681	-20.2689	-161.16
19.36	2.45531	-29.2217	-22.2134	-151.964
19.38	5.96786	-30.4028	-23.8208	-134.764
19.4	10.6819	-31.3764	-25.295	-112.504
19.42	15.9963	-32.0477	-26.6166	-88.9011
19.44	23.9266	-32.1509	-27.6482	-60.8601
19.46	31.7969	-32.1436	-28.5176	-33.0244
19.48	38.8601	-31.687	-28.8032	-6.53356
19.5	45.8985	-31.0467	-28.9106	19.9362
19.52	49.832	-30.2276	-28.6779	41.5229
19.54	51.1872	-29.2193	-28.1005	59.4374
19.56	50.8685	-28.2079	-27.459	73.9568
19.58	45.5024	-27.1324	-26.5356	80.5574
19.6	39.0432	-26.0559	-25.5437	84.9416
19.62	29.6482	-25.2294	-24.5503	81.4748
19.64	18.4799	-24.5252	-23.5425	73.8133
19.66	7.8307	-23.7943	-22.603	62.9382
19.68	-2.85067	-22.958	-21.7218	45.6027
19.7	-12.5868	-22.0819	-20.8521	27.6742
19.72	-18.9074	-21.1544	-20.0467	7.1106
19.74	-24.4174	-20.2455	-19.2728	-14.6102
19.76	-25.821	-19.363	-18.4157	-34.694
19.78	-24.0726	-18.3753	-17.4952	-54.4927
19.8	-21.0941	-17.6206	-16.5379	-72.0711
19.82	-14.4271	-17.2551	-15.5589	-85.7354
19.84	-7.24807	-17.0624	-14.671	-98.0089
19.86	0.42643	-17.7545	-14.2721	-104.509
19.88	8.76781	-18.7611	-13.9981	-108.445
19.9	15.6309	-20.3897	-14.2461	-108.645
19.92	21.1321	-23.0167	-15.1174	-103.556
19.94	25.7064	-25.8986	-16.3516	-97.2817
19.96	26.9452	-29.64	-18.6029	-87.0272
19.98	27.3097	-33.6072	-21.125	-75.5745
20	25.2669	-37.0849	-24.3673	-62.9873
20.02	21.5081	-40.5895	-28.1476	-49.2388
20.04	17.6491	-43.3122	-31.7139	-36.211
20.06	13.0684	-44.8268	-35.3493	-23.8831
20.08	8.74637	-45.7992	-38.7214	-12.2695
20.1	5.86393	-44.5049	-40.8477	-3.37798
20.12	3.3328	-42.3975	-42.5469	4.64181
20.14	2.26146	-38.6732	-42.4206	10.0916
20.16	2.77163	-33.1681	-40.7652	13.0278
20.18	3.60807	-27.3864	-38.3036	15.0731
20.2	5.66368	-20.5614	-33.6513	14.5494
20.22	7.89655	-13.6035	-28.4743	13.3833
20.24	9.22968	-7.47079	-22.3774	11.1462
20.26	10.5907	-1.3887	-15.609	8.16729
20.28	10.8876	3.41462	-9.28969	5.64046
20.3	9.25482	6.1146	-3.07804	3.32311
20.32	7.22834	8.19047	2.45733	1.47313
20.34	3.49362	8.00216	5.90168	0.99307
20.36	-0.81121	7.13286	8.79346	0.86398
20.38	-5.62689	5.12119	9.80446	2.37442
20.4	-11.2815	1.95792	9.34809	5.08619
20.42	-16.2988	-1.23634	8.18504	8.30282
20.44	-20.0825	-4.72204	5.3063	12.809
20.46	-23.3865	-8.00787	2.25899	17.4966
20.48	-24.4031	-10.0048	-0.82179	22.3846
20.5	-24.6605	-11.5948	-4.13627	27.4517
20.52	-23.8532	-12.4477	-6.82908	31.5799
20.54	-21.177	-12.2979	-8.86992	35.1443
20.56	-18.4867	-11.8938	-10.4732	38.1313
20.58	-15.2773	-10.6819	-10.8614	39.4802
20.6	-11.9019	-9.288	-10.9131	40.3105
20.62	-9.38207	-7.90984	-10.1847	39.3307
20.64	-7.23833	-6.39512	-8.94895	37.4043
20.66	-5.55095	-4.9963	-7.65408	34.8907
20.68	-4.90155	-3.81914	-6.15554	31.0837
20.7	-4.23127	-2.67188	-4.74149	27.1831
20.72	-3.52352	-1.67777	-3.52565	22.8529
20.74	-2.88355	-0.75532	-2.31686	18.2769
20.76	-1.42785	0.3176	-1.18123	14.5097
20.78	0.64053	1.42079	-0.26744	11.1585
20.8	3.16623	2.63678	0.71024	8.47013
20.82	6.61404	4.26575	1.84232	7.08361
20.84	10.206	5.96272	3.04217	6.10222
20.86	14.4013	7.67929	4.48604	6.54134
20.88	19.0463	9.41732	6.0186	7.61676
20.9	23.3469	10.7696	7.51996	9.43061
20.92	27.4183	11.8252	9.13688	12.4108
20.94	30.9741	12.3443	10.5469	15.4561
20.96	33.1271	11.5172	11.5336	18.9202
20.98	34.954	10.3629	12.3726	22.5017
21	34.8948	8.17116	12.086	25.5316
21.02	33.8011	5.37138	11.2603	28.376
21.04	32.2261	2.26169	9.85051	30.5581
21.06	29.2365	-1.8029	7.21621	31.7801
21.08	26.212	-5.75932	4.31697	32.6465
21.1	23.0823	-9.39444	0.6618	32.2471
21.12	19.8076	-13.0518	-3.25459	31.3779
21.14	17.2816	-15.5411	-6.79298	29.6243
21.16	15.3075	-17.2266	-10.4394	27.0942
21.18	13.6659	-18.0495	-13.4233	24.4796
21.2	12.8429	-16.895	-15.2791	21.5382
21.22	12.1726	-15.292	-16.6804	18.5896
21.24	11.9935	-12.403	-16.2072	15.7803
21.26	12.134	-8.87252	-14.9258	12.9081
21.28	12.0569	-5.49919	-12.8383	10.3954
21.3	11.7406	-1.84638	-9.41066	8.40023
21.32	11.0457	1.30445	-6.0348	6.81023
21.34	9.38885	3.2192	-2.37433	6.21045
21.36	7.52432	4.80335	1.35433	5.85313
21.38	4.79639	4.82938	4.01365	5.9934
21.4	1.67412	4.05617	6.23384	6.51306
21.42	-1.77173	2.77937	7.52408	7.11137
21.44	-5.99544	0.20542	7.27505	8.03226
21.46	-10.1176	-2.47824	6.69339	8.93929
21.48	-14.122	-5.5855	4.84837	9.8112
21.5	-18.2469	-8.87226	2.50626	10.6947
21.52	-21.1007	-12.1745	-0.19975	11.1516
21.54	-23.2335	-15.4426	-3.34654	11.3638
21.56	-24.228	-18.4716	-6.46989	11.3732
21.58	-22.8331	-21.2434	-9.59646	10.7814
21.6	-20.8152	-23.9539	-12.6718	10.0442
21.62	-16.1721	-26.3848	-15.5063	8.92294
21.64	-10.4575	-28.6828	-18.2862	7.6239
21.66	-4.0555	-30.5749	-20.8333	6.23286
21.68	4.00688	-32.0766	-23.0811	4.73079
21.7	11.5605	-33.3635	-25.1261	3.28244
21.72	18.2109	-34.0055	-26.788	1.93482
21.74	24.6397	-34.4719	-28.3415	0.64999
21.76	28.4936	-34.5043	-29.3099	-0.17865
21.78	31.303	-34.3095	-29.8996	-0.85118
21.8	32.7508	-33.9516	-30.2306	-1.39001
21.82	31.3058	-33.2262	-30.1153	-1.49966
21.84	29.4072	-32.4047	-29.9293	-1.42676
21.86	25.506	-31.4064	-29.504	-0.87321
21.88	20.9188	-30.4	-28.9966	-0.20706
21.9	16.0363	-29.0159	-28.143	0.48328
21.92	10.6939	-27.3074	-27.1439	1.30816
21.94	6.16286	-25.1928	-25.9918	2.23536
21.96	3.09387	-22.3689	-24.4697	3.31904
21.98	0.51675	-19.3252	-22.7099	4.35258
22	-0.04647	-15.4613	-20.0925	5.1817
22.02	0.05584	-11.2824	-17.1916	5.97535
22.04	1.34195	-7.01263	-13.7733	6.49687
22.06	4.08276	-2.4409	-9.84272	6.79654
22.08	6.92397	1.81757	-5.80045	7.06151
22.1	10.5188	5.56623	-1.28725	7.10536
22.12	14.1899	9.05751	3.24312	7.03007
22.14	16.9367	11.0658	7.18248	6.49573
22.16	19.4762	12.4484	10.9666	5.78535
22.18	20.925	12.7062	13.8692	4.99573
22.2	20.8694	11.4638	15.8006	4.13674
22.22	20.5775	9.91679	17.2048	3.21739
22.24	18.9679	7.2246	17.0133	2.02922
22.26	16.8956	4.18512	16.3077	0.75121
22.28	14.3139	0.74593	14.1653	-0.54802
22.3	11.3771	-3.09138	11.1826	-1.86375
22.32	8.51275	-6.5129	8.11792	-3.15124
22.34	5.7659	-9.37582	4.52888	-4.40803
22.36	3.18014	-11.8622	1.104	-5.62634
22.38	1.30368	-13.1201	-1.83052	-6.68736
22.4	-0.34438	-14.0326	-4.67454	-7.69264
22.42	-1.31958	-14.0692	-6.34847	-8.35258
22.44	-1.94669	-13.3745	-7.33636	-8.92344
22.46	-2.58745	-12.4356	-7.85741	-9.45198
22.48	-2.81287	-10.7778	-7.28329	-9.6659
22.5	-2.95845	-9.10447	-6.46908	-9.75013
22.52	-3.09723	-7.66072	-4.97824	-9.46706
22.54	-3.27356	-6.2489	-3.17394	-9.08289
22.56	-3.80259	-5.2676	-1.60748	-8.3578
22.58	-4.72386	-4.62025	-0.10505	-7.48981
22.6	-5.54174	-4.13013	1.23466	-6.62772
22.62	-6.3116	-4.12934	2.25804	-5.50332
22.64	-7.11192	-4.20229	3.18244	-4.28596
22.66	-7.94783	-4.29693	3.66223	-2.8993
22.68	-8.67066	-4.51461	3.89916	-1.4441
22.7	-9.07589	-4.41736	4.04323	-0.11299
22.72	-9.23748	-3.91467	4.00216	1.15844
22.74	-9.22513	-3.24705	4.18329	2.33876
22.76	-8.83712	-2.09561	4.87535	3.24927
22.78	-8.37798	-0.8492	5.7016	4.07657
22.8	-6.80916	0.36919	6.99928	4.69609
22.82	-4.7366	1.74278	8.50515	5.247
22.84	-2.01005	2.38558	9.85961	5.61253
22.86	2.15995	2.24875	11.4752	5.66684
22.88	6.63478	1.63985	12.8253	5.61117
22.9	12.3277	-0.66028	13.4524	5.242
22.92	18.3832	-3.47478	13.894	4.79567
22.94	23.8633	-7.75543	12.6884	4.2116
22.96	29.3439	-12.9951	10.542	3.388
22.98	34.0494	-18.3279	7.70559	2.55459
23	37.4774	-24.3134	3.40385	1.69668
23.02	40.3736	-30.0571	-1.07462	0.8372
23.04	40.904	-34.7641	-6.18488	0.0117
23.06	40.6343	-39.2453	-11.6647	-0.79409
23.08	38.5828	-42.0738	-16.2362	-1.49002
23.1	34.9646	-43.6739	-20.3765	-2.18
23.12	30.7846	-44.5423	-23.6479	-2.71814
23.14	24.8741	-43.6234	-25.1903	-2.94
23.16	18.6793	-42.4252	-26.2118	-3.11711
23.18	11.9995	-40.6391	-25.4449	-3.19116
23.2	5.04636	-38.4244	-23.8988	-3.18597
23.22	-1.35678	-36.825	-21.8318	-2.96275
23.24	-7.51118	-35.5128	-18.8776	-2.53247
23.26	-13.3204	-34.8119	-16.1984	-2.0939
23.28	-18.1623	-35.7396	-13.8693	-1.6201
23.3	-22.7253	-37.121	-11.7562	-1.11944
23.32	-26.101	-39.9513	-11.0722	-0.51733
23.34	-28.9794	-43.4558	-10.9802	0.11375
23.36	-31.4678	-47.1788	-11.8594	0.65221
23.38	-33.0755	-51.5594	-14.0604	1.23278
23.4	-34.5757	-55.7847	-16.3936	1.76365
23.42	-35.666	-59.7323	-19.3474	2.16893
23.44	-36.6228	-63.5739	-22.4551	2.54141
23.46	-37.282	-66.4476	-25.4117	2.78227
23.48	-37.9511	-68.8463	-28.4437	2.86224
23.5	-37.8836	-70.9097	-30.8962	2.79935
23.52	-36.8448	-72.3243	-32.6113	2.54841
23.54	-35.1601	-73.7877	-34.1081	2.2831
23.56	-31.1655	-75.1568	-34.7411	2.11042
23.58	-26.5668	-76.4613	-35.0969	1.99258
23.6	-20.081	-78.4802	-35.3139	1.7933
23.62	-12.387	-80.7597	-35.2526	1.42492
23.64	-4.0752	-83.6897	-35.5587	1.07341
23.66	5.70324	-87.877	-36.3597	0.7889
23.68	15.2247	-92.2912	-37.437	0.57327
23.7	23.9726	-97.5701	-39.5371	0.60408
23.72	32.7045	-103.166	-41.9969	0.718
23.74	39.1937	-108.93	-45.2859	0.93292
23.76	44.4383	-114.928	-49.1255	1.18271
23.78	48.0863	-120.699	-52.9188	1.54346
23.8	48.3457	-126.166	-56.9749	2.15354
23.82	47.8718	-131.397	-60.8995	2.80967
23.84	44.4899	-135.716	-64.1963	3.48862
23.86	39.971	-139.751	-67.3059	4.14075
23.88	33.8414	-143.574	-69.7229	4.72941
23.9	26.2224	-147.037	-71.5405	5.44086
23.92	18.4384	-150.59	-73.0766	6.16363
23.94	9.79799	-154.105	-73.8928	6.83042
23.96	1.17378	-157.741	-74.5989	7.41467
23.98	-6.67407	-162.069	-75.1436	7.72138
24	-14.3342	-166.631	-75.5872	7.96936
24.02	-20.5408	-171.881	-76.4614	8.07348
24.04	-25.583	-177.815	-77.5208	7.93613
24.06	-29.824	-183.998	-78.8318	7.74399
24.08	-31.9406	-190.84	-80.7982	7.39181
24.1	-33.6556	-197.792	-82.9268	6.98981
24.12	-34.3236	-204.922	-85.4646	6.53196
24.14	-34.3059	-212.199	-88.2448	6.07951
24.16	-34.1339	-219.459	-90.9858	5.63865
24.18	-33.7275	-226.671	-93.8387	5.08011
24.2	-33.5026	-234.045	-96.6514	4.50706
24.22	-33.7482	-241.76	-99.2775	3.98108
24.24	-34.051	-249.583	-101.873	3.5013
24.26	-34.231	-257.864	-104.529	3.20778
24.28	-34.5241	-266.269	-107.099	2.96392
24.3	-33.9969	-275.185	-110.075	2.8442
24.32	-32.6273	-284.849	-113.532	2.91504
24.34	-30.4882	-294.526	-117.402	2.99087
24.36	-25.9603	-304.446	-122.212	3.08167
24.38	-20.8734	-314.359	-127.275	3.19303
24.4	-14.2212	-323.316	-133.322	3.45282
24.42	-6.58409	-332.001	-139.959	3.79319
24.44	0.90315	-339.061	-146.899	4.16849
24.46	8.92311	-344.472	-154.472	4.55716
24.48	16.1773	-348.499	-162.018	4.91401
24.5	21.255	-348.57	-169.722	5.22428
24.52	25.8358	-347.466	-177.482	5.51116
24.54	26.856	-340.418	-184.782	5.54816
24.56	26.1302	-330.612	-191.8	5.53202
24.58	23.9835	-316.179	-198.252	5.52052
24.6	18.5876	-294.588	-204.024	5.3772
24.62	13.1532	-270.046	-209.334	5.16964
24.64	6.86917	-236.217	-213.342	4.77793
24.66	0.14832	-199.709	-216.946	4.33624
24.68	-4.94684	-152.328	-218.918	3.83243
24.7	-9.34096	-99.5272	-220.131	3.24101
24.72	-12.1744	-40.3192	-219.946	2.6218
24.74	-12.2366	30.5263	-217.495	2.03174
24.76	-11.683	104.663	-213.875	1.42577
24.78	-8.30705	190.172	-206.825	0.80959
24.8	-3.96193	279.101	-198.705	0.20242
24.82	1.34242	376.369	-185.172	-0.37219
24.84	7.298	478.959	-169.044	-0.97999
24.86	12.9168	582.575	-149.002	-1.49062
24.88	18.359	690.757	-122.526	-1.84418
24.9	23.4118	797.57	-93.5922	-2.1477
24.92	27.0151	900.38	-56.94	-2.35426
24.94	30.2458	1002.46	-17.8204	-2.54527
24.96	31.3306	1089.75	29.211	-2.63372
24.98	31.1276	1170.89	81.0239	-2.63065
25	29.9833	1238.81	136.308	-2.61247
25.02	26.7188	1284.28	198.473	-2.51048
25.04	23.216	1320.38	261.895	-2.38069
25.06	18.9609	1325.57	329.597	-2.13716
25.08	14.3834	1321.25	399.033	-1.85036
25.1	10.2989	1282.71	467.201	-1.67307
25.12	6.18267	1223.96	535.757	-1.5446
25.14	2.57461	1149.68	600.384	-1.44432
25.16	-0.0591	1042.74	659.938	-1.37629
25.18	-2.29596	929.222	715.549	-1.28765
25.2	-2.73495	793.937	758.698	-1.16883
25.22	-2.54537	650.488	798.124	-1.059
25.24	-1.59306	502.007	820.278	-1.01348
25.26	-0.16572	347.103	832.459	-1.05515
25.28	1.49863	199.508	833.967	-1.13681
25.3	3.71137	59.8223	815.95	-1.13163
25.32	6.002	-73.2017	791.666	-1.09711
25.34	8.62439	-181.93	747.69	-1.01829
25.36	11.3953	-283.722	696.952	-0.933
25.38	15.1311	-354.503	631.281	-0.73133
25.4	19.4153	-406.915	554.921	-0.54543
25.42	24.1172	-444.334	474.82	-0.24726
25.44	29.9572	-450.175	384.772	0.26593
25.46	35.8939	-449.319	294.405	0.83289
25.48	41.8604	-426.2	203.601	1.56599
25.5	47.8247	-395.1	111.878	2.35467
25.52	53.1493	-355.866	29.9107	3.11262
25.54	58.4252	-308.797	-48.0956	3.97277
25.56	62.5235	-263.752	-117.315	4.9138
25.58	64.6424	-219.568	-171.318	5.87203
25.6	65.9849	-178.017	-219.512	6.80471
25.62	64.1639	-145.801	-249.322	7.66812
25.64	61.2846	-116.226	-272.981	8.51304
25.66	55.3781	-96.906	-280.28	9.16758
25.68	47.402	-84.0726	-276.763	9.72905
25.7	38.6976	-74.36	-267.899	10.1828
25.72	27.9564	-72.445	-246.782	10.4878
25.74	17.0802	-71.1446	-224.138	10.7276
25.76	5.95535	-71.695	-197.309	10.7066
25.78	-5.37144	-73.2227	-168.572	10.5807
25.8	-15.6378	-72.2578	-142.704	10.2394
25.82	-25.5136	-70.3058	-117.45	9.88218
25.84	-34.2553	-67.0379	-95.7082	9.52774
25.86	-40.9797	-60.8207	-79.6777	9.03499
25.88	-46.866	-54.2225	-65.4653	8.54198
25.9	-49.6999	-46.2713	-57.2265	7.99164
25.92	-51.6336	-37.771	-51.1213	7.39606
25.94	-50.3609	-30.9287	-48.2427	6.86845
25.96	-47.1138	-24.5896	-47.9107	6.38256
25.98	-42.7232	-19.6382	-47.5545	5.90793
26	-35.4258	-17.2867	-47.9738	5.62209
26.02	-27.8103	-15.4546	-47.8729	5.41058
26.04	-19.0276	-15.5212	-46.033	5.3913
26.06	-9.71106	-16.2851	-43.688	5.43018
26.08	-1.52266	-16.9447	-39.6244	5.64297
26.1	6.26644	-17.9332	-34.3984	5.81618
26.12	13.1001	-17.9366	-29.0204	5.96402
26.14	18.1618	-16.4165	-22.7889	6.34303
26.16	22.6138	-14.4249	-16.8189	6.79153
26.18	24.8084	-10.7929	-11.7891	7.3264
26.2	26.325	-6.64818	-7.07016	7.8451
26.22	26.8348	-1.97946	-3.89344	8.1917
26.24	26.417	3.28853	-1.36425	8.59287
26.26	25.4925	7.80857	0.88172	9.02285
26.28	23.7917	11.5004	2.03426	9.35199
26.3	22.016	14.7326	3.19032	9.63559
26.32	19.8422	16.4302	4.28742	9.77263
26.34	17.5185	17.6371	5.3276	9.85992
26.36	15.1844	17.2407	6.38137	9.76171
26.38	12.7228	15.8885	7.58657	9.58379
26.4	10.4392	14.0289	8.75229	9.42178
26.42	8.39371	11.2445	9.84097	9.22618
26.44	6.74001	8.36579	10.5186	8.95897
26.46	6.09873	5.00917	10.1387	8.46865
26.48	5.67216	1.45065	9.42916	7.89892
26.5	7.08227	-2.68686	7.47976	7.14753
26.52	9.43404	-7.07823	4.88758	6.35922
26.54	12.6466	-11.8603	1.91161	5.7134
26.56	17.71	-17.05	-1.93617	5.21071
26.58	23.0923	-22.3201	-5.58519	4.69198
26.6	29.5011	-28.0768	-8.97075	4.04395
26.62	36.1209	-33.97	-12.2706	3.37604
26.64	42.3052	-39.7053	-14.8366	2.90647
26.66	48.7057	-45.4726	-17.0677	2.51501
26.68	53.4955	-50.6722	-18.8696	2.14353
26.7	56.2678	-55.2116	-19.8526	1.82097
26.72	57.6882	-59.3526	-20.8288	1.50178
26.74	55.443	-62.4594	-21.6888	1.30762
26.76	52.1689	-65.2334	-22.5761	1.2084
26.78	44.86	-66.9433	-23.9109	1.35868
26.8	35.5169	-68.128	-25.4244	1.52854
26.82	24.4399	-68.496	-27.0669	1.63584
26.84	10.6998	-68.1315	-28.9011	1.82388
26.86	-3.05717	-67.1523	-30.6328	2.06433
26.88	-17.7559	-64.7087	-32.4475	2.36785
26.9	-32.4408	-61.7189	-34.1674	2.66372
26.92	-44.9287	-56.8215	-35.0658	2.90168
26.94	-56.767	-51.1653	-35.639	3.12461
26.96	-65.2912	-44.4172	-35.4198	3.2761
26.98	-70.7678	-36.4105	-34.4659	3.42528
27	-74.2509	-28.3324	-33.1619	3.58222
27.02	-72.5642	-19.5597	-30.9255	3.69758
27.04	-69.4755	-10.8587	-28.4524	3.76842
27.06	-61.7879	-3.08521	-25.4142	3.7175
27.08	-52.2253	4.40075	-22.1223	3.65027
27.1	-40.9352	9.69587	-18.9027	3.60744
27.12	-27.4604	13.6665	-15.5965	3.44046
27.14	-14.1715	16.5573	-12.5212	3.09445
27.16	-0.40878	16.968	-9.80483	2.68874
27.18	13.0263	16.7727	-7.33539	2.32733
27.2	24.4244	14.8279	-5.66536	2.05332
27.22	35.2184	12.2258	-4.23725	1.78175
27.24	43.4127	8.80982	-3.72834	1.5607
27.26	49.8369	4.51351	-3.82485	1.23637
27.28	55.5884	0.29959	-4.21932	0.92608
27.3	59.2147	-3.86937	-5.52631	0.74413
27.32	62.4599	-7.76964	-6.96642	0.60791
27.34	64.5919	-10.8662	-8.58984	0.63258
27.36	66.3547	-13.7623	-10.2363	0.7195
27.38	66.6557	-15.4804	-11.661	0.83427
27.4	66.476	-16.4772	-13.0907	0.89303
27.42	64.8689	-16.7947	-14.3175	0.98697
27.44	60.8483	-15.9241	-15.1706	1.23668
27.46	55.6254	-14.8302	-15.8796	1.52125
27.48	46.4982	-13.0029	-16.1549	1.89182
27.5	36.3303	-10.9947	-16.2969	2.2822
27.52	22.3646	-8.99083	-16.1681	2.72804
27.54	6.23053	-6.79685	-15.89	3.27844
27.56	-10.7018	-4.70302	-15.4916	3.8432
27.58	-29.8646	-2.77148	-14.9346	4.35863
27.6	-48.0823	-0.98241	-14.2789	4.8122
27.62	-64.5444	0.42782	-13.364	5.10102
27.64	-80.3088	1.75036	-12.3494	5.35823
27.66	-90.4262	2.92445	-11.0255	5.60293
27.68	-98.4032	4.00782	-9.57951	5.8173
27.7	-101.111	5.23095	-7.75208	5.8768
27.72	-97.7087	6.58139	-5.56542	5.92637
27.74	-91.9343	7.9714	-3.17284	5.96391
27.76	-79.3307	9.39699	-0.35467	5.83288
27.78	-65.4171	10.768	2.55069	5.66327
27.8	-48.7859	11.9539	5.72754	5.52831
27.82	-30.5347	13.1327	9.06958	5.44973
27.84	-13.2732	13.809	12.1111	5.27371
27.86	3.8299	14.1866	15.0596	4.89507
27.88	19.1719	14.1618	17.2625	4.54196
27.9	30.978	13.1601	18.3591	4.24565
27.92	41.5468	11.927	19.0066	3.92961
27.94	47.3367	10.0695	18.1647	3.55129
27.96	51.6218	8.01203	16.8068	3.17535
27.98	52.0889	6.05417	14.4723	2.8528
28	49.7797	3.9164	11.34	2.60106
28.02	46.8623	2.20672	8.31986	2.38445
28.04	41.848	1.17187	5.13693	2.07937
28.06	36.9312	0.57421	2.2773	1.76717
28.08	32.2408	1.30912	0.26938	1.51394
28.1	27.5454	2.40343	-1.44573	1.303
28.12	24.7293	4.46004	-1.60116	1.2224
28.14	22.5617	7.13625	-1.04844	1.1592
28.16	21.3936	10.0038	0.36798	1.02312
28.18	22.2309	13.4424	3.34432	0.91411
28.2	23.269	16.6157	6.44903	0.90081
28.22	25.2736	19.1338	9.95936	0.93713
28.24	27.4347	21.4061	13.4422	0.95364
28.26	28.7794	22.668	16.354	1.00833
28.28	29.9954	23.5837	19.2139	1.13455
28.3	30.1909	23.5459	21.1548	1.26042
28.32	29.1763	22.5385	22.2885	1.42351
28.34	27.8294	21.1964	22.9376	1.61845
28.36	25.4162	18.8625	22.3162	1.82823
28.38	22.8107	16.3117	21.3608	2.05437
28.4	19.7412	13.3212	19.6105	2.38182
28.42	16.3663	10.1762	17.5532	2.75228
28.44	13.2497	7.34946	15.5329	3.12085
28.46	10.4877	4.46306	13.3465	3.47228
28.48	7.96013	1.85603	11.242	3.79336
28.5	5.6885	-0.18396	9.33836	4.14224
28.52	3.49956	-1.92576	7.65222	4.49869
28.54	1.69938	-2.80414	6.54593	4.80095
28.56	0.02658	-3.45698	5.58529	5.06064
28.58	-2.18642	-3.30798	5.05168	5.26327
28.6	-4.48159	-2.57895	4.75692	5.48195
28.62	-6.90378	-1.46296	4.64036	5.66378
28.64	-9.54	0.26849	5.03735	5.8466
28.66	-12.0081	2.17292	5.59776	6.02056
28.68	-14.3856	4.52088	6.52624	6.10417
28.7	-16.7893	6.96045	7.51255	6.13718
28.72	-18.752	9.4701	8.48954	6.06471
28.74	-20.5277	12.0325	9.48844	5.98624
28.76	-21.497	14.7652	10.6773	5.97469
28.78	-21.5816	17.81	12.0318	5.90314
28.8	-21.1707	20.7667	13.4985	5.75847
28.82	-19.4675	23.6255	15.1869	5.44193
28.84	-17.4215	26.3192	16.9407	5.08138
28.86	-14.3015	28.3133	18.946	4.73518
28.88	-10.7921	30.108	21.0733	4.44542
28.9	-6.20254	30.8144	23.0478	4.28949
28.92	-0.74523	30.9486	25.0453	4.12446
28.94	4.88531	30.2527	26.5008	3.9679
28.96	11.0506	27.9969	27.0179	3.74914
28.98	17.3514	25.2054	27.1107	3.50693
29	23.9987	20.7046	26.0505	3.2624
29.02	30.7053	15.6922	24.627	3.03664
29.04	37.2437	9.60691	21.9424	2.8126
29.06	43.9517	2.87888	18.6159	2.58992
29.08	50.161	-3.96728	14.7026	2.43596
29.1	55.7718	-11.2327	9.82174	2.32704
29.12	60.8639	-18.1176	4.96273	2.19041
29.14	64.597	-24.4294	-0.17589	1.95471
29.16	67.7945	-30.4372	-5.30853	1.70553
29.18	68.2854	-34.8333	-9.92201	1.53035
29.2	67.8426	-38.6685	-14.3824	1.40921
29.22	65.0358	-40.9242	-17.9328	1.3783
29.24	59.8054	-41.8126	-20.7995	1.40501
29.26	53.4443	-41.8165	-23.0615	1.33621
29.28	44.5131	-39.9233	-24.0909	1.10241
29.3	35.2663	-37.6099	-24.7591	0.88438
29.32	24.8001	-33.9553	-24.319	0.73479
29.34	13.6861	-29.8136	-23.4894	0.59101
29.36	3.16544	-25.0873	-22.0026	0.52335
29.38	-7.22242	-19.864	-20.0675	0.54701
29.4	-16.4716	-14.7701	-17.8342	0.56507
29.42	-23.8977	-9.74559	-15.0303	0.57353
29.44	-30.5499	-5.10443	-12.2687	0.60514
29.46	-34.7342	-1.45204	-9.53319	0.64187
29.48	-38.2191	1.84412	-6.84003	0.66749
29.5	-39.3757	3.76666	-4.45803	0.64851
29.52	-39.5188	5.16122	-2.12879	0.58316
29.54	-37.6703	5.64571	-0.26841	0.57492
29.56	-33.5132	5.23497	1.10929	0.6812
29.58	-28.6368	4.56035	2.19405	0.80868
29.6	-21.6634	2.85837	2.55805	0.97051
29.62	-14.243	1.00352	2.72497	1.12611
29.64	-5.65172	-0.93673	2.49719	1.21027
29.66	3.43578	-2.90177	2.15613	1.25636
29.68	12.5856	-4.31141	1.63028	1.33829
29.7	22.1358	-5.52255	0.92056	1.53569
29.72	31.0192	-6.50402	0.44158	1.77364
29.74	38.9773	-7.00878	0.09914	1.93584
29.76	46.1486	-7.29189	-0.21805	2.02426
29.78	50.6808	-7.01078	-0.35018	1.99227
29.8	54.4089	-6.56679	-0.40396	1.95175
29.82	55.5274	-5.66025	-0.33088	1.89565
29.84	55.6989	-4.56977	-0.19194	1.76687
29.86	54.2302	-3.0075	0.31202	1.64012
29.88	50.2227	-0.858	1.00936	1.6584
29.9	45.7071	1.40102	1.87162	1.60491
29.92	39.5265	3.95667	3.16212	1.31239
29.94	33.1269	6.49046	4.58159	0.98062
29.96	26.6174	8.99154	6.36194	0.65046
29.98	19.9625	11.5757	8.27348	0.33776
30	14.3826	13.0348	9.95281	0.0543
30.02	9.26963	13.9519	11.7115	-0.25407
30.04	5.39905	13.9459	13.0487	-0.5982
30.06	3.53244	12.442	13.7967	-1.12957
30.08	2.46908	10.3453	14.0623	-1.65452
30.1	4.23416	6.49806	13.1035	-2.02959
30.12	6.78775	2.15389	11.696	-2.34951
30.14	10.9369	-3.30561	8.62452	-2.68007
30.16	16.0414	-9.34935	4.76794	-3.01713
30.18	21.4649	-15.4533	0.09232	-3.29532
30.2	27.6152	-22.0405	-5.48744	-3.60603
30.22	32.9452	-28.1552	-11.1399	-3.78455
30.24	36.7756	-33.501	-17.3739	-3.83191
30.26	40.0777	-38.3401	-23.499	-3.85501
30.28	41.315	-41.4753	-28.9871	-3.65422
30.3	41.8787	-44.1196	-34.2902	-3.3243
30.32	40.4499	-44.6218	-37.9318	-3.04085
30.34	37.7036	-43.8021	-40.8207	-2.78461
30.36	34.4092	-41.6214	-42.3129	-2.44497
30.38	29.6251	-37.2786	-41.4286	-2.04251
30.4	24.825	-32.626	-39.8201	-1.6534
30.42	19.6612	-26.7445	-36.3139	-1.29294
30.44	14.3252	-20.5269	-32.2781	-0.93312
30.46	8.92351	-13.9282	-26.9285	-0.50068
30.48	3.71401	-7.02366	-20.7634	0.00727
30.5	-0.8645	-0.65439	-14.2598	0.47151
30.52	-5.30314	5.47927	-7.41258	0.83224
30.54	-9.85234	11.0225	-1.06372	1.05779
30.56	-14.3102	15.2899	4.71549	1.05468
30.58	-18.4183	19.1495	10.0875	1.05121
30.6	-21.3413	21.903	14.1163	1.09083
30.62	-24.0056	24.2907	17.6734	1.1231
30.64	-24.8208	25.503	19.9351	0.91619
30.66	-24.8824	26.0986	21.5126	0.65202
30.68	-23.0102	26.1156	22.3057	0.44963
30.7	-17.8849	25.1062	21.9439	0.142
30.72	-11.798	23.714	21.4245	-0.25699
30.74	-2.60306	21.4311	20.3365	-0.73114
30.76	7.31322	18.7873	18.9838	-1.19272
30.78	18.298	14.9242	16.9339	-1.66765
30.8	29.9367	10.6239	14.6396	-2.18171
30.82	40.7639	5.30577	11.9628	-2.67672
30.84	51.4954	-0.78604	9.08132	-3.18018
30.86	60.9211	-7.24274	5.7187	-3.65457
30.88	67.9281	-14.7379	1.40635	-4.0352
30.9	73.9917	-22.1317	-3.2388	-4.38043
30.92	76.7462	-29.3396	-8.86572	-4.71777
30.94	78.4297	-36.3752	-14.7773	-5.06726
30.96	76.783	-41.4542	-21.0523	-5.34033
30.98	73.6742	-45.8791	-27.633	-5.55709
31	68.8049	-47.957	-33.2723	-5.59327
31.02	61.5726	-47.7466	-38.3788	-5.47978
31.04	53.4136	-46.1207	-42.3468	-5.34343
31.06	42.6194	-41.0896	-44.2333	-5.07922
31.08	31.1738	-35.2201	-45.189	-4.75813
31.1	18.0057	-26.9772	-43.0973	-4.29236
31.12	4.21649	-17.83	-39.9103	-3.77504
31.14	-9.82944	-8.38035	-34.1211	-3.05562
31.16	-24.4703	1.48013	-26.855	-2.2503
31.18	-37.9281	10.1934	-19.0932	-1.48343
31.2	-50.1585	17.9142	-9.94562	-0.71263
31.22	-60.9923	24.7126	-1.13514	0.07722
31.24	-67.9672	28.9386	7.27065	0.89967
31.26	-73.5842	32.3241	15.2559	1.72316
31.28	-73.4597	33.2441	21.1648	2.4918
31.3	-71.1507	33.1993	26.3812	3.21419
31.32	-64.6255	31.7544	29.2999	3.8029
31.34	-54.4464	29.0609	30.5365	4.43368
31.36	-43.0046	26.1685	30.7904	5.04121
31.38	-27.4542	22.6644	29.0547	5.4335
31.4	-11.6587	19.4157	27.0767	5.75829
31.42	4.40625	16.6251	24.1958	5.98286
31.44	20.4044	13.9385	21.1065	6.17738
31.46	33.9526	12.1554	18.4415	6.20078
31.48	46.8773	10.8368	15.7618	6.14562
31.5	57.2735	10.2295	13.7427	6.0294
31.52	65.2785	10.358	12.4513	5.91015
31.54	71.6305	10.6489	11.6569	5.80936
31.56	73.8697	11.3751	11.8402	5.5683
31.58	75.061	12.0608	12.1332	5.25866
31.6	72.748	12.6818	12.8467	4.86052
31.62	69.1642	13.3326	13.7627	4.48579
31.64	63.5192	13.5479	14.4363	4.3292
31.66	56.7686	13.5462	15.0098	4.21639
31.68	49.7545	13.1419	15.1096	4.15126
31.7	41.8195	12.1445	14.5861	4.11386
31.72	34.0153	11.0638	13.7045	4.08974
31.74	26.2373	9.72654	12.0578	4.10217
31.76	18.7016	8.32712	10.2702	4.12005
31.78	12.7625	6.73094	8.17097	4.20254
31.8	7.35314	5.03713	5.92394	4.33795
31.82	3.74066	3.37071	3.94318	4.70013
31.84	1.14585	1.84412	2.02964	5.10507
31.86	-0.41847	0.38352	0.45548	5.39271
31.88	-0.3924	-1.04552	-0.69311	5.69942
31.9	0.14247	-2.49516	-1.71344	6.0503
31.92	2.57441	-4.04992	-2.29771	6.46043
31.94	5.66725	-5.64542	-2.75918	6.85936
31.96	10.5287	-7.3591	-2.95807	7.12557
31.98	16.0087	-9.13116	-3.01113	7.31554
32	22.0816	-10.7003	-3.27961	7.48161
32.02	29.0075	-12.1708	-3.73816	7.71023
32.04	35.6274	-13.2685	-4.35166	7.97148
32.06	42.2259	-13.9086	-5.2397	8.26717
32.08	48.0709	-14.2975	-6.159	8.50985
32.1	51.8437	-13.9126	-7.09244	8.6043
32.12	54.9684	-13.2302	-7.92234	8.6588
32.14	54.9774	-11.643	-8.33338	8.66499
32.16	53.5904	-9.72006	-8.70464	8.64406
32.18	49.4786	-7.32175	-8.45402	8.70633
32.2	42.952	-4.40902	-7.70175	8.81839
32.22	35.9026	-1.31059	-6.60016	8.87696
32.24	26.8818	2.10857	-4.79559	8.78385
32.26	18.1967	5.56814	-2.77948	8.68568
32.28	10.4057	9.26736	-0.21765	8.66237
32.3	2.80425	13.0383	2.50714	8.68039
32.32	-2.0043	16.702	5.61297	8.70496
32.34	-5.65282	20.3057	8.97648	8.68898
32.36	-6.94616	23.7051	12.3018	8.66858
32.38	-5.5829	27.0556	15.5477	8.58849
32.4	-3.37927	30.0838	18.5576	8.43415
32.42	1.41299	32.5799	21.4077	8.36451
32.44	6.45431	34.7523	24.0972	8.36182
32.46	11.7973	35.8856	26.2311	8.41969
32.48	17.2677	36.6623	28.1467	8.45375
32.5	21.2932	36.4502	29.4846	8.38121
32.52	24.8856	35.7894	30.563	8.27498
32.54	27.113	34.1343	30.7574	8.08703
32.56	27.7279	31.5998	30.1756	7.84975
32.58	27.7091	28.5803	29.1178	7.62381
32.6	25.8513	24.323	27.1118	7.36547
32.62	23.7574	19.8288	24.8234	7.06459
32.64	21.2618	14.7558	21.7513	6.7281
32.66	18.5682	9.48939	18.3763	6.42259
32.68	16.7762	4.27181	14.3547	6.23838
32.7	15.3353	-1.01074	9.98105	6.05414
32.72	14.5526	-5.49524	5.74279	5.85374
32.74	14.7124	-9.48201	1.42635	5.7104
32.76	14.6205	-12.8496	-2.50895	5.67682
32.78	14.5631	-14.7592	-5.85248	5.80881
32.8	14.3017	-16.045	-8.82347	6.03114
32.82	12.7561	-15.6	-10.6545	6.41516
32.84	10.7451	-14.6015	-12.0541	6.8117
32.86	6.88419	-12.2458	-12.1986	7.3033
32.88	2.26254	-9.13643	-11.7727	7.94122
32.9	-3.46537	-5.45874	-10.6737	8.83683
32.92	-10.9247	-0.88507	-8.57086	9.82655
32.94	-18.2435	3.68763	-6.12821	10.7401
32.96	-26.2547	8.42548	-2.96098	11.6943
32.98	-34.0188	13.0918	0.38483	12.7136
33	-40.0315	17.5628	4.16644	13.9499
33.02	-45.517	21.9876	8.0916	15.2523
33.04	-47.7071	25.6092	11.9463	16.427
33.06	-48.4223	28.7841	15.8673	17.5312
33.08	-46.7285	31.0425	19.5837	18.6214
33.1	-41.62	32.5697	23.1818	19.6539
33.12	-35.3839	33.5255	26.3725	20.597
33.14	-26.0601	33.0826	28.7654	21.4666
33.16	-16.2531	32.2577	30.7352	22.2457
33.18	-5.366	30.4356	31.5944	22.7283
33.2	6.01024	28.2292	32.0454	23.1132
33.22	15.1484	25.2429	31.2855	23.3547
33.24	23.6148	21.8472	29.8818	23.4637
33.26	29.483	18.4491	27.8614	23.48
33.28	32.2747	14.8625	25.1488	23.4237
33.3	33.5545	11.4914	22.3783	23.3255
33.32	31.1432	8.45163	19.2346	23.1147
33.34	27.8653	5.69301	16.1875	22.8661
33.36	22.1835	3.74228	13.4687	22.4877
33.38	15.6524	2.06813	10.8838	22.0735
33.4	9.47248	1.36613	9.15457	21.8449
33.42	2.98158	1.18677	7.82858	21.7551
33.44	-2.42388	1.55083	7.35214	21.7974
33.46	-6.85846	2.40493	7.68549	21.8041
33.48	-10.6409	3.48434	8.38395	21.8687
33.5	-12.4187	5.20217	9.9609	22.1507
33.52	-13.6838	6.92172	11.6755	22.4946
33.54	-13.7157	8.63088	13.7264	22.9433
33.56	-13.3481	10.3099	15.8585	23.4305
33.58	-12.5961	11.319	17.7182	24.1175
33.6	-11.6797	12.0599	19.5499	24.9287
33.62	-10.5119	12.0249	20.5225	25.8354
33.64	-8.90456	11.3334	20.8643	26.7553
33.66	-6.96424	10.1713	20.7846	27.6575
33.68	-4.56648	8.10086	19.7854	28.5987
33.7	-1.88359	5.7627	18.4457	29.5655
33.72	1.76463	2.54383	16.0939	30.5542
33.74	5.76158	-0.95602	13.4219	31.5294
33.76	11.151	-4.68083	10.494	32.469
33.78	17.1786	-8.55647	7.43499	33.4082
33.8	23.2758	-12.2654	4.50144	34.3573
33.82	29.6833	-15.8749	1.6333	35.392
33.84	35.3602	-19.0838	-0.91616	36.5132
33.86	40.2923	-21.8004	-2.9919	37.5971
33.88	44.5274	-24.2594	-4.80973	38.6706
33.9	46.4283	-25.8938	-6.02635	39.7603
33.92	47.4839	-27.188	-7.09185	40.8605
33.94	45.7395	-27.6035	-7.87713	42.0554
33.96	42.8267	-27.7267	-8.49463	43.3413
33.98	37.8487	-27.0835	-8.58115	44.7538
34	31.0331	-25.8682	-8.40443	46.1408
34.02	23.9148	-24.132	-7.94254	47.5789
34.04	15.5317	-21.4409	-6.98957	49.1679
34.06	7.34568	-18.5506	-5.64488	50.7868
34.08	-0.55219	-15.0782	-3.53001	52.4474
34.1	-8.12774	-11.5359	-1.1401	54.0791
34.12	-13.3768	-8.01633	2.22079	55.6087
34.14	-17.8408	-4.39022	6.05431	57.1252
34.16	-20.3823	-1.57313	10.3676	58.5594
34.18	-21.563	0.9014	14.9783	59.9489
34.2	-21.3964	2.40152	19.1552	61.298
34.22	-18.9443	2.65405	23.1731	62.5551
34.24	-16.088	2.16615	26.6734	63.6309
34.26	-11.7878	-0.11357	29.1175	64.3863
34.28	-7.13186	-3.04961	30.8571	65.0069
34.3	-1.93625	-7.65606	30.5769	65.2798
34.32	3.4814	-12.8572	29.5964	65.436
34.34	8.16451	-19.0791	26.8388	65.2971
34.36	12.7403	-25.9461	22.9925	64.9333
34.38	16.7245	-32.963	18.2345	64.4442
34.4	19.7484	-40.3879	12.3091	63.8003
34.42	22.3693	-47.8406	6.10261	62.9982
34.44	24.0022	-55.3703	-0.79815	61.9658
34.46	25.4136	-62.7143	-7.65695	60.9212
34.48	26.4462	-69.5141	-14.3241	59.6883
34.5	27.364	-76.0815	-20.9186	58.3312
34.52	27.7008	-81.554	-26.9378	56.8924
34.54	27.7408	-86.6532	-32.7526	55.5079
34.56	26.9497	-90.368	-37.2983	54.1844
34.58	25.2152	-93.0438	-40.9424	52.8852
34.6	22.8957	-94.5555	-43.7541	51.5174
34.62	19.3888	-93.9136	-45.0073	49.9794
34.64	15.5208	-92.5856	-45.4458	48.3274
34.66	10.7063	-89.2725	-43.9907	46.4494
34.68	5.66548	-85.2633	-41.8534	44.5268
34.7	0.43595	-79.8037	-37.8555	42.5677
34.72	-5.03858	-73.6889	-33.0065	40.5966
34.74	-10.0549	-67.408	-27.2445	37.94
34.76	-14.8219	-60.7319	-20.6276	34.91
34.78	-19.0856	-54.7081	-14.0511	31.6382
34.8	-22.8052	-49.3688	-7.09318	28.0645
34.82	-25.917	-44.4854	-0.65729	24.1032
34.84	-27.2582	-40.754	4.62644	19.2606
34.86	-27.8451	-37.3756	9.30333	14.1415
34.88	-25.9299	-35.0163	12.2774	8.29717
34.9	-23.1743	-33.1121	14.6347	2.09429
34.92	-17.9509	-31.2178	14.9623	-5.05081
34.94	-11.5444	-29.4999	14.1604	-12.6018
34.96	-4.27326	-26.6663	12.1177	-20.7147
34.98	5.1362	-22.8957	8.62016	-29.386
35	14.7785	-18.1051	4.84631	-38.2871
35.02	25.3529	-11.2529	0.08659	-47.8375
35.04	35.7698	-3.33224	-4.79139	-57.5704
35.06	45.1001	7.46056	-9.84106	-67.687
35.08	54.0555	19.3013	-14.9084	-77.8903
35.1	60.6618	34.168	-19.3859	-88.0862
35.12	66.4781	50.4455	-23.6506	-98.3876
35.14	69.2715	69.0847	-26.978	-108.385
35.16	69.1343	89.8658	-29.6566	-118.245
35.18	67.2088	111.687	-31.5822	-127.774
35.2	61.3751	135.656	-32.2371	-136.741
35.22	54.5946	159.903	-32.3145	-145.366
35.24	44.8264	185.266	-30.9657	-153.106
35.26	34.2553	210.711	-29.0749	-160.429
35.28	22.8897	235.267	-25.8684	-166.664
35.3	10.9295	259.648	-22.1318	-172.524
35.32	0.42111	281.205	-17.271	-177.028
35.34	-9.5785	301.571	-11.694	-180.767
35.36	-17.085	318.54	-5.51065	-183.437
35.38	-21.2915	331.714	1.54276	-184.868
35.4	-24.1122	341.909	8.85667	-185.668
35.42	-22.6467	345.544	16.774	-184.98
35.44	-19.9585	346.346	24.8065	-183.645
35.46	-14.3801	339.386	33.0857	-180.725
35.48	-7.80012	329.526	41.4541	-177.2
35.5	-0.25401	311.784	49.7736	-172.082
35.52	8.1052	290.358	58.1668	-166.209
35.54	15.6389	263.629	66.1454	-158.978
35.56	22.5709	231.58	73.8183	-150.602
35.58	28.5708	197.936	81.3346	-141.403
35.6	32.8707	159.918	88.3304	-130.765
35.62	36.7408	121.799	95.113	-119.702
35.64	39.0819	82.9952	101.443	-107.354
35.66	40.9014	44.7148	107.64	-94.5093
35.68	41.6254	10.1479	113.618	-80.54
35.7	41.8573	-23.4569	119.518	-66.1023
35.72	42.3227	-50.7183	125.066	-50.946
35.74	42.7279	-74.7921	130.472	-35.4361
35.76	43.0402	-93.7149	135.264	-19.6623
35.78	43.4516	-106.223	139.36	-3.41317
35.8	43.6895	-115.787	142.329	12.7528
35.82	43.6256	-117.996	143.502	28.8928
35.84	43.1832	-118.008	143.648	44.7266
35.86	41.3572	-112.475	140.886	59.882
35.88	39.0954	-104.953	136.908	74.8133
35.9	34.9259	-94.3711	129.454	88.6305
35.92	29.8208	-82.1456	120.499	101.933
35.94	24.0065	-69.5525	108.908	113.813
35.96	17.1745	-55.9739	94.9483	124.722
35.98	10.8117	-43.1412	80.1958	134.359
36	4.79221	-31.3058	63.4699	141.868
36.02	-0.45326	-20.521	46.835	148.376
36.04	-3.57357	-12.1853	29.9851	152.591
36.06	-5.79586	-4.89469	13.4575	155.82
36.08	-4.85798	-0.65143	-1.41843	156.476
36.1	-2.89241	2.46087	-15.6516	156.146
36.12	1.08202	2.82782	-26.9837	153.401
36.14	6.72077	1.66676	-36.9804	149.306
36.16	12.6121	-0.72405	-44.6683	143.452
36.18	19.371	-4.84497	-49.9327	135.809
36.2	25.4454	-9.18009	-54.0525	127.275
36.22	30.2925	-14.2573	-55.6107	116.703
36.24	34.1619	-19.1409	-56.5262	105.607
36.26	34.9665	-23.5403	-55.7407	93.2501
36.28	34.7758	-27.6232	-54.3363	80.5115
36.3	31.3978	-30.0611	-51.8709	67.2189
36.32	26.6875	-31.9457	-48.9511	53.6384
36.34	20.0174	-32.0514	-45.7221	40.1986
36.36	11.3406	-31.0264	-42.2374	26.5946
36.38	2.80122	-28.9943	-38.6415	13.5633
36.4	-6.05606	-25.4995	-34.8143	1.15696
36.42	-14.1798	-21.7059	-30.9043	-10.628
36.44	-20.8615	-16.757	-26.8339	-21.1188
36.46	-26.8574	-11.7059	-22.6754	-30.9424
36.48	-30.168	-6.68948	-18.2509	-38.9249
36.5	-32.5473	-1.70841	-13.7823	-46.1408
36.52	-32.3926	2.60866	-9.4689	-51.1852
36.54	-31.0376	6.71093	-5.12637	-55.4029
36.56	-28.6603	9.69614	-1.033	-57.5712
36.58	-25.1968	11.8425	2.8365	-58.2705
36.6	-21.7086	13.1956	6.05098	-57.7974
36.62	-17.6829	13.1414	8.44715	-55.3018
36.64	-13.5671	12.7217	10.462	-52.0679
36.66	-9.44381	11.3398	11.5293	-46.8873
36.68	-5.31362	9.67202	12.188	-41.0666
36.7	-0.99187	7.23013	11.6434	-33.8035
36.72	3.39044	4.48164	10.605	-26.0376
36.74	7.3389	1.67776	8.73861	-17.657
36.76	11.4206	-1.21373	6.54333	-8.7621
36.78	14.9785	-3.63059	4.29242	0.24232
36.8	17.9538	-5.77316	1.67859	9.42331
36.82	19.8846	-7.58027	-0.57974	18.4418
36.84	19.9207	-8.6892	-2.3794	27.1642
36.86	18.9003	-9.57263	-3.88873	35.4364
36.88	14.9742	-9.87385	-4.70808	42.7962
36.9	10.1866	-10.0181	-5.23067	49.6795
36.92	2.9369	-9.8184	-4.83942	55.1308
36.94	-5.4742	-9.43774	-4.0588	60.0777
36.96	-14.3902	-8.8733	-2.94729	63.5393
36.98	-23.9749	-8.25339	-1.65194	66.1281
37	-32.0138	-7.62716	-0.12347	67.3066
37.02	-38.9155	-6.92536	1.66996	67.2818
37.04	-44.0508	-5.9929	3.3473	66.4876
37.06	-45.4166	-4.75673	4.89045	64.0314
37.08	-45.3439	-3.39292	6.45595	61.06
37.1	-41.1118	-1.70048	8.112	56.6813
37.12	-35.575	0.06859	9.84099	51.8228
37.14	-26.9973	1.97695	11.7869	46.1479
37.16	-16.8989	3.98562	13.7788	40.1455
37.18	-6.41041	5.80104	15.5816	33.8399
37.2	5.0313	7.65852	17.4138	27.3067
37.22	15.8043	8.96294	18.974	21.0201
37.24	25.5592	9.69556	20.2204	14.7917
37.26	34.1626	10.0385	21.0485	8.91833
37.28	40.343	9.58385	21.1935	3.62114
37.3	45.7928	8.83344	20.9503	-1.28923
37.32	49.1486	7.15173	19.6631	-5.22415
37.34	51.7616	5.16051	17.9793	-8.69692
37.36	52.4611	2.74614	15.3247	-10.8547
37.38	52.2853	0.18174	12.2354	-12.5492
37.4	51.2564	-2.06778	8.60117	-13.0667
37.42	49.5836	-4.32076	4.70213	-12.7887
37.44	47.8199	-6.0472	1.0495	-11.6391
37.46	45.6544	-7.27477	-2.60098	-9.62951
37.48	43.177	-7.95714	-5.83218	-7.21349
37.5	40.2894	-7.50322	-8.45219	-3.78989
37.52	37.3857	-6.74641	-10.6077	-0.14287
37.54	34.1121	-5.19097	-11.6011	4.02045
37.56	30.5524	-3.38299	-12.1222	8.28474
37.58	26.4374	-1.16364	-11.2979	12.5082
37.6	22.3194	1.26787	-9.88652	16.7646
37.62	17.6427	3.42885	-7.58252	20.5542
37.64	12.5535	5.59088	-4.73139	24.1787
37.66	7.56068	7.41055	-1.66421	27.3143
37.68	2.38428	8.85872	1.91628	29.8737
37.7	-2.50915	9.99517	5.3616	31.8233
37.72	-7.09253	10.4301	8.52072	32.7321
37.74	-11.3445	10.7129	11.3393	33.1906
37.76	-14.2725	10.627	13.4801	32.5963
37.78	-16.6786	10.4352	15.4016	31.6025
37.8	-17.6325	10.0926	16.6262	29.583
37.82	-18.0596	9.64203	17.5242	27.1026
37.84	-17.2197	9.24922	17.5925	23.8872
37.86	-15.3747	8.89948	17.1163	20.1608
37.88	-13.2655	8.51687	16.3204	16.1265
37.9	-10.7355	8.07659	15.137	11.8193
37.92	-8.21928	7.50669	13.8281	7.49338