0	8.02482
0.02	7.97771
0.04	7.92227
0.06	7.8711
0.08	7.80767
0.1	7.7449
0.12	7.79575
0.14	7.86538
0.16	7.93984
0.18	8.0312
0.2	8.11945
0.22	7.98411
0.24	7.83171
0.26	7.75504
0.28	7.76478
0.3	7.77421
0.32	7.83878
0.34	7.90198
0.36	7.87116
0.38	7.7399
0.4	7.61515
0.42	7.68172
0.44	7.74996
0.46	7.74869
0.48	7.73636
0.5	7.7328
0.52	7.73731
0.54	7.72991
0.56	7.69278
0.58	7.60816
0.6	7.5264
0.62	7.59091
0.64	7.66609
0.66	7.72398
0.68	7.75249
0.7	7.77688
0.72	7.80021
0.74	7.82447
0.76	7.81051
0.78	7.76373
0.8	7.72486
0.82	7.79705
0.84	7.87203
0.86	7.79657
0.88	7.6
0.9	7.42278
0.92	7.51766
0.94	7.61747
0.96	7.67452
0.98	7.67949
1	7.6725
1.02	7.75762
1.04	7.84556
1.06	7.90039
1.08	7.9063
1.1	7.90971
1.12	7.83097
1.14	7.7515
1.16	7.78154
1.18	7.89357
1.2	7.97532
1.22	7.85766
1.24	7.74
1.26	7.70773
1.28	7.70768
1.3	7.71381
1.32	7.72975
1.34	7.74571
1.36	7.75492
1.38	7.78325
1.4	7.79421
1.42	7.74392
1.44	7.69363
1.46	7.73666
1.48	7.82187
1.5	7.89869
1.52	7.80696
1.54	7.71521
1.56	7.66092
1.58	7.6505
1.6	7.66374
1.62	7.74642
1.64	7.8291
1.66	7.87016
1.68	7.9084
1.7	7.92943
1.72	7.86047
1.74	7.79149
1.76	7.87308
1.78	8.00481
1.8	8.07866
1.82	8.024
1.84	7.96933
1.86	8.00656
1.88	8.07884
1.9	8.11579
1.92	8.04766
1.94	7.97953
1.96	7.93971
1.98	7.90247
2	7.87822
2.02	7.85924
2.04	7.84028
2.06	7.98876
2.08	8.18383
2.1	8.29356
2.12	8.25917
2.14	8.22476
2.16	8.14439
2.18	8.04485
2.2	7.98056
2.22	7.96634
2.24	7.95204
2.26	8.02496
2.28	8.11037
2.3	8.1408
2.32	8.09631
2.34	8.05169
2.36	7.97505
2.38	7.89244
2.4	7.90204
2.42	8.00837
2.44	8.10594
2.46	8.06544
2.48	8.03231
2.5	8.01618
2.52	7.99762
2.54	7.97596
2.56	7.95389
2.58	7.933
2.6	7.95714
2.62	7.9888
2.64	8.00968
2.66	8.02005
2.68	8.03191
2.7	7.96264
2.72	7.82348
2.74	7.70096
2.76	7.80402
2.78	7.90737
2.8	8.02016
2.82	8.13677
2.84	8.22122
2.86	8.10125
2.88	7.98127
2.9	7.95116
2.92	7.97471
2.94	8.01683
2.96	8.10306
2.98	8.18927
3	8.15399
3.02	8.0667
3.04	8.01604
3.06	8.12482
3.08	8.23359
3.1	8.18407
3.12	8.07635
3.14	8.02444
3.16	8.09051
3.18	8.15658
3.2	8.18719
3.22	8.22217
3.24	8.26479
3.26	8.32529
3.28	8.3858
3.3	8.38642
3.32	8.36342
3.34	8.31304
3.36	8.27111
3.38	8.22921
3.4	8.23181
3.42	8.22859
3.44	8.25822
3.46	8.324
3.48	8.38964
3.5	8.33399
3.52	8.276
3.54	8.29007
3.56	8.37756
3.58	8.46312
3.6	8.3911
3.62	8.31474
3.64	8.31992
3.66	8.40171
3.68	8.47917
3.7	8.45516
3.72	8.42672
3.74	8.3931
3.76	8.36969
3.78	8.35413
3.8	8.46855
3.82	8.58522
3.84	8.54094
3.86	8.3691
3.88	8.22617
3.9	8.48856
3.92	8.7512
3.94	8.74251
3.96	8.53861
3.98	8.37942
4	8.5132
4.02	8.64699
4.04	8.68365
4.06	8.68506
4.08	8.69098
4.1	8.69646
4.12	8.70191
4.14	8.66527
4.16	8.61174
4.18	8.57067
4.2	8.57412
4.22	8.57756
4.24	8.64351
4.26	8.72847
4.28	8.78012
4.3	8.71952
4.32	8.6589
4.34	8.72044
4.36	8.81838
4.38	8.86223
4.4	8.8002
4.42	8.73817
4.44	8.68617
4.46	8.63793
4.48	8.6379
4.5	8.69709
4.52	8.7559
4.54	8.69184
4.56	8.61447
4.58	8.55764
4.6	8.55529
4.62	8.55481
4.64	8.42981
4.66	8.28911
4.68	8.23184
4.7	8.26919
4.72	8.29774
4.74	8.19582
4.76	8.09109
4.78	8.06694
4.8	8.11556
4.82	8.15999
4.84	8.04845
4.86	7.93628
4.88	7.94593
4.9	8.03829
4.92	8.09921
4.94	8.00916
4.96	7.91911
4.98	8.04125
5	8.25548
5.02	8.43212
5.04	8.50538
5.06	8.57861
5.08	8.77292
5.1	8.99368
5.12	9.24783
5.14	9.61422
5.16	9.9806
5.18	10.2889
5.2	10.5891
5.22	10.9031
5.24	11.2292
5.26	11.5553
5.28	11.7793
5.3	11.9904
5.32	12.2536
5.34	12.5682
5.36	12.8824
5.38	12.8206
5.4	12.7329
5.42	12.7075
5.44	12.7551
5.46	12.7999
5.48	12.738
5.5	12.6722
5.52	12.5238
5.54	12.2951
5.56	12.0685
5.58	11.9295
5.6	11.7915
5.62	11.6037
5.64	11.3851
5.66	11.1916
5.68	11.1791
5.7	11.1667
5.72	11.0392
5.74	10.8558
5.76	10.6989
5.78	10.6585
5.8	10.6181
5.82	10.6543
5.84	10.7213
5.86	10.7702
5.88	10.7541
5.9	10.738
5.92	10.7868
5.94	10.8477
5.96	10.9016
5.98	10.9442
6	10.9868
6.02	11.0885
6.04	11.2068
6.06	11.2726
6.08	11.2729
6.1	11.273
6.12	11.3364
6.14	11.3862
6.16	11.4392
6.18	11.5221
6.2	11.604
6.22	11.5493
6.24	11.4834
6.26	11.5173
6.28	11.6633
6.3	11.8158
6.32	11.8768
6.34	11.9345
6.36	11.9772
6.38	12.0304
6.4	12.0804
6.42	12.0774
6.44	12.0744
6.46	12.0868
6.48	12.0994
6.5	12.0925
6.52	12.085
6.54	12.0774
6.56	12.1199
6.58	12.1702
6.6	12.2654
6.62	12.4714
6.64	12.6775
6.66	12.6917
6.68	12.6598
6.7	12.671
6.72	12.7508
6.74	12.8305
6.76	12.8322
6.78	12.8372
6.8	12.9111
6.82	13.0549
6.84	13.1988
6.86	13.2229
6.88	13.2451
6.9	13.2603
6.92	13.2613
6.94	13.2685
6.96	13.4875
6.98	13.7082
7	13.8022
7.02	13.8184
7.04	13.862
7.06	14.0313
7.08	14.2007
7.1	14.316
7.12	14.4035
7.14	14.4854
7.16	14.5618
7.18	14.6383
7.2	14.7693
7.22	14.9054
7.24	14.9971
7.26	14.969
7.28	14.9409
7.3	15.0859
7.32	15.2768
7.34	15.4418
7.36	15.5558
7.38	15.6698
7.4	15.7445
7.42	15.8166
7.44	15.8814
7.46	15.9036
7.48	15.925
7.5	16.1412
7.52	16.3796
7.54	16.5101
7.56	16.5132
7.58	16.519
7.6	16.5783
7.62	16.6384
7.64	16.7076
7.66	16.7779
7.68	16.8513
7.7	16.9853
7.72	17.1195
7.74	17.1516
7.76	17.1379
7.78	17.1755
7.8	17.3952
7.82	17.6149
7.84	17.7367
7.86	17.8234
7.88	17.9281
7.9	18.0978
7.92	18.2673
7.94	18.3138
7.96	18.32
7.98	18.4064
8	18.6317
8.02	18.8569
8.04	18.8247
8.06	18.7784
8.08	18.8559
8.1	19.0691
8.12	19.2805
8.14	19.3842
8.16	19.4862
8.18	19.5944
8.2	19.703
8.22	19.8172
8.24	20.0116
8.26	20.206
8.28	20.3695
8.3	20.5084
8.32	20.6408
8.34	20.7465
8.36	20.8521
8.38	21.0179
8.4	21.2196
8.42	21.4112
8.44	21.5364
8.46	21.6616
8.48	21.8978
8.5	22.1609
8.52	22.3578
8.54	22.4533
8.56	22.5489
8.58	22.6575
8.6	22.7687
8.62	22.9141
8.64	23.1055
8.66	23.2988
8.68	23.4236
8.7	23.544
8.72	23.7103
8.74	23.9241
8.76	24.1272
8.78	24.2364
8.8	24.3458
8.82	24.498
8.84	24.6705
8.86	24.8498
8.88	25.027
8.9	25.2044
8.92	25.3651
8.94	25.5257
8.96	25.6892
8.98	25.8632
9	26.037
9.02	26.2306
9.04	26.4277
9.06	26.6079
9.08	26.7551
9.1	26.9026
9.12	27.0985
9.14	27.3036
9.16	27.4673
9.18	27.5926
9.2	27.7253
9.22	27.9514
9.24	28.1781
9.26	28.3662
9.28	28.5241
9.3	28.6762
9.32	28.8193
9.34	28.9625
9.36	29.1128
9.38	29.2623
9.4	29.4263
9.42	29.65
9.44	29.8738
9.46	30.0574
9.48	30.2335
9.5	30.4199
9.52	30.6232
9.54	30.8264
9.56	31.0347
9.58	31.238
9.6	31.424
9.62	31.6064
9.64	31.789
9.66	32.0221
9.68	32.2539
9.7	32.5021
9.72	32.7604
9.74	33.0146
9.76	33.1772
9.78	33.3394
9.8	33.5825
9.82	33.8891
9.84	34.1792
9.86	34.373
9.88	34.5668
9.9	34.7144
9.92	34.8419
9.94	35.0409
9.96	35.4414
9.98	35.8418
10	36.0653
10.02	36.2497
10.04	36.5233
10.06	36.9347
10.08	37.3463
10.1	37.523
10.12	37.6897
10.14	37.9055
10.16	38.1603
10.18	38.4124
10.2	38.7083
10.22	39.0052
10.24	39.2117
10.26	39.3529
10.28	39.5213
10.3	39.8711
10.32	40.221
10.34	40.5131
10.36	40.7796
10.38	41.0524
10.4	41.3276
10.42	41.6026
10.44	41.8131
10.46	42.0113
10.48	42.2286
10.5	42.4882
10.52	42.7478
10.54	43.065
10.56	43.386
10.58	43.6156
10.6	43.7488
10.62	43.8929
10.64	44.214
10.66	44.5357
10.68	44.7836
10.7	44.9869
10.72	45.1991
10.74	45.4602
10.76	45.7214
10.78	45.9934
10.8	46.2635
10.82	46.5073
10.84	46.6909
10.86	46.8744
10.88	47.053
10.9	47.231
10.92	47.4462
10.94	47.7162
10.96	47.9863
10.98	48.1338
11	48.2769
11.02	48.4192
11.04	48.5546
11.06	48.6773
11.08	48.6548
11.1	48.6322
11.12	48.6735
11.14	48.7503
11.16	48.8129
11.18	48.8139
11.2	48.8149
11.22	48.8489
11.24	48.8978
11.26	48.9264
11.28	48.9001
11.3	48.8739
11.32	48.7962
11.34	48.7064
11.36	48.5902
11.38	48.437
11.4	48.2836
11.42	48.0112
11.44	47.7355
11.46	47.4115
11.48	47.042
11.5	46.6708
11.52	46.2576
11.54	45.8444
11.56	45.3928
11.58	44.9303
11.6	44.4735
11.62	44.0331
11.64	43.5929
11.66	43.0173
11.68	42.3981
11.7	41.7993
11.72	41.239
11.74	40.6787
11.76	40.0702
11.78	39.4582
11.8	38.7533
11.82	37.9377
11.84	37.1243
11.86	36.3055
11.88	35.4854
11.9	34.6873
11.92	33.8973
11.94	33.0674
11.96	31.9652
11.98	30.863
12	29.8198
12.02	28.8001
12.04	27.7302
12.06	26.5487
12.08	25.3671
12.1	24.2791
12.12	23.2031
12.14	22.0245
12.16	20.6641
12.18	19.3038
12.2	17.93
12.22	16.5569
12.24	15.0795
12.26	13.4923
12.28	11.8991
12.3	10.2525
12.32	8.60588
12.34	6.79049
12.36	4.87757
12.38	2.97651
12.4	1.08487
12.42	-0.80677
12.44	-2.84048
12.46	-4.91297
12.48	-7.11418
12.5	-9.59689
12.52	-12.0796
12.54	-14.4881
12.56	-16.8873
12.58	-19.447
12.6	-22.2071
12.62	-24.9754
12.64	-27.9182
12.66	-30.8624
12.68	-34.0371
12.7	-37.3745
12.72	-40.7502
12.74	-44.3946
12.76	-48.0391
12.78	-51.8442
12.8	-55.7048
12.82	-59.6723
12.84	-63.8974
12.86	-68.1225
12.88	-72.7772
12.9	-77.5042
12.92	-82.3836
12.94	-87.4833
12.96	-92.5889
12.98	-98.102
13	-103.625
13.02	-109.48
13.04	-115.594
13.06	-121.77
13.08	-128.349
13.1	-134.928
13.12	-141.911
13.14	-149.076
13.16	-156.391
13.18	-164.123
13.2	-171.854
13.22	-180.245
13.24	-188.773
13.26	-197.536
13.28	-206.649
13.3	-215.764
13.32	-225.923
13.34	-236.123
13.36	-246.794
13.38	-257.854
13.4	-269.037
13.42	-281.234
13.44	-293.431
13.46	-306.376
13.48	-319.667
13.5	-333.316
13.52	-347.996
13.54	-362.676
13.56	-378.746
13.58	-395.116
13.6	-412.178
13.62	-430.276
13.64	-448.379
13.66	-468.281
13.68	-488.246
13.7	-509.532
13.72	-531.928
13.74	-554.621
13.76	-579.589
13.78	-604.558
13.8	-631.595
13.82	-659.585
13.84	-688.381
13.86	-719.394
13.88	-750.407
13.9	-784.465
13.92	-819.148
13.94	-855.092
13.96	-892.822
13.98	-930.565
14	-971.022
14.02	-1011.54
14.04	-1052.66
14.06	-1094.22
14.08	-1135.55
14.1	-1175.07
14.12	-1214.58
14.14	-1248.87
14.16	-1280.81
14.18	-1308.19
14.2	-1323.58
14.22	-1338.96
14.24	-1329.6
14.26	-1315.71
14.28	-1282.17
14.3	-1222.26
14.32	-1161.7
14.34	-1037.22
14.36	-912.202
14.38	-738.871
14.4	-530.562
14.42	-307.557
14.44	-5.98067
14.46	295.596
14.48	662.155
14.5	1052.06
14.52	1460.56
14.54	1909.24
14.56	2357.92
14.58	2810.82
14.6	3263.84
14.62	3683.97
14.64	4065.4
14.66	4440.42
14.68	4669.28
14.7	4898.11
14.72	4993.28
14.74	5006.1
14.76	4971.39
14.78	4747.2
14.8	4522.99
14.82	4138.69
14.84	3708.92
14.86	3236.41
14.88	2688.97
14.9	2141.54
14.92	1589.07
14.94	1037.03
14.96	537.516
14.98	88.2722
15	-345.41
15.02	-628.804
15.04	-912.197
15.06	-1078.49
15.08	-1189.02
15.1	-1266.9
15.12	-1250.8
15.14	-1234.69
15.16	-1167.3
15.18	-1090.35
15.2	-1010.71
15.22	-927.726
15.24	-844.853
15.26	-779.666
15.28	-714.696
15.3	-659.001
15.32	-610.029
15.34	-561.866
15.36	-517.744
15.38	-473.623
15.4	-429.59
15.42	-385.599
15.44	-343.723
15.46	-305.868
15.48	-268.015
15.5	-242.965
15.52	-218.517
15.54	-200.636
15.56	-188.323
15.58	-176.594
15.6	-168.596
15.62	-160.598
15.64	-150.89
15.66	-140.453
15.68	-129.277
15.7	-116.38
15.72	-103.482
15.74	-92.6694
15.76	-82.1772
15.78	-73.8737
15.8	-68.1221
15.82	-62.5169
15.84	-59.4876
15.86	-56.4584
15.88	-52.804
15.9	-48.7713
15.92	-44.2986
15.94	-38.2501
15.96	-32.2017
15.98	-26.2837
16	-20.4082
16.02	-15.1365
16.04	-10.8061
16.06	-6.47793
16.08	-3.81545
16.1	-1.19823
16.12	0.22593
16.14	0.7305
16.16	0.66365
16.18	-2.67519
16.2	-6.01402
16.22	-13.3077
16.24	-21.9929
16.26	-32.4323
16.28	-46.4486
16.3	-60.465
16.32	-78.17
16.34	-96.2113
16.36	-115.048
16.38	-134.636
16.4	-154.072
16.42	-171.828
16.44	-189.584
16.46	-203.352
16.48	-215.292
16.5	-224.707
16.52	-227.484
16.54	-230.261
16.56	-224.6
16.58	-217.649
16.6	-206.94
16.62	-191.862
16.64	-176.548
16.66	-157.116
16.68	-137.683
16.7	-117.819
16.72	-97.7313
16.74	-78.2698
16.76	-60.9259
16.78	-43.5821
16.8	-30.6401
16.82	-18.6188
16.84	-8.98316
16.86	-2.62807
16.88	3.65727
16.9	5.19158
16.92	6.72383
16.94	6.56306
16.96	5.3274
16.98	4.09569
17	2.96781
17.02	1.83994
17.04	2.51141
17.06	3.65116
17.08	6.16416
17.1	10.8502
17.12	15.5412
17.14	22.3403
17.16	29.1799
17.18	35.7743
17.2	42.1713
17.22	48.169
17.24	52.1818
17.26	56.1945
17.28	57.48
17.3	57.9438
17.32	57.3664
17.34	54.9569
17.36	52.547
17.38	49.0666
17.4	45.5444
17.42	42.6006
17.44	40.144
17.46	37.9238
17.48	37.1134
17.5	36.3028
17.52	36.5115
17.54	37.0624
17.56	37.7464
17.58	38.6835
17.6	39.6207
17.62	39.9117
17.64	40.1477
17.66	40.101
17.68	39.8126
17.7	39.5341
17.72	39.3672
17.74	39.2001
17.76	39.7238
17.78	40.5155
17.8	41.607
17.82	43.3189
17.84	45.0309
17.86	46.9555
17.88	48.8862
17.9	50.2236
17.92	51.0056
17.94	51.5451
17.96	50.2398
17.98	48.9344
18	45.4856
18.02	41.2035
18.04	36.3198
18.06	30.1948
18.08	24.0698
18.1	17.3803
18.12	10.6455
18.14	4.3358
18.16	-1.5873
18.18	-7.25363
18.2	-11.1747
18.22	-15.0957
18.24	-17.5541
18.26	-19.4701
18.28	-20.7505
18.3	-20.7981
18.32	-20.8456
18.34	-19.3613
18.36	-17.7867
18.38	-15.3592
18.4	-12.2388
18.42	-8.86872
18.44	-4.19613
18.46	0.47644
18.48	5.74908
18.5	11.2088
18.52	16.5614
18.54	21.7867
18.56	26.9414
18.58	30.41
18.6	33.8561
18.62	35.1708
18.64	35.2943
18.66	34.3839
18.68	30.3315
18.7	26.2751
18.72	18.9556
18.74	11.1492
18.76	2.516
18.78	-7.10642
18.8	-16.5212
18.82	-25.3467
18.84	-34.171
18.86	-40.8687
18.88	-47.115
18.9	-51.7977
18.92	-54.2348
18.94	-56.232
18.96	-55.6777
18.98	-54.8037
19	-52.248
19.02	-48.7923
19.04	-45.0133
19.06	-40.1491
19.08	-35.3284
19.1	-30.5989
19.12	-25.8475
19.14	-21.9818
19.16	-18.5658
19.18	-15.7054
19.2	-14.3043
19.22	-13.2043
19.24	-13.319
19.26	-13.9463
19.28	-14.9089
19.3	-16.6021
19.32	-18.3516
19.34	-20.2689
19.36	-22.2134
19.38	-23.8208
19.4	-25.295
19.42	-26.6166
19.44	-27.6482
19.46	-28.5176
19.48	-28.8032
19.5	-28.9106
19.52	-28.6779
19.54	-28.1005
19.56	-27.459
19.58	-26.5356
19.6	-25.5437
19.62	-24.5503
19.64	-23.5425
19.66	-22.603
19.68	-21.7218
19.7	-20.8521
19.72	-20.0467
19.74	-19.2728
19.76	-18.4157
19.78	-17.4952
19.8	-16.5379
19.82	-15.5589
19.84	-14.671
19.86	-14.2721
19.88	-13.9981
19.9	-14.2461
19.92	-15.1174
19.94	-16.3516
19.96	-18.6029
19.98	-21.125
20	-24.3673
20.02	-28.1476
20.04	-31.7139
20.06	-35.3493
20.08	-38.7214
20.1	-40.8477
20.12	-42.5469
20.14	-42.4206
20.16	-40.7652
20.18	-38.3036
20.2	-33.6513
20.22	-28.4743
20.24	-22.3774
20.26	-15.609
20.28	-9.28969
20.3	-3.07804
20.32	2.45733
20.34	5.90168
20.36	8.79346
20.38	9.80446
20.4	9.34809
20.42	8.18504
20.44	5.3063
20.46	2.25899
20.48	-0.82179
20.5	-4.13627
20.52	-6.82908
20.54	-8.86992
20.56	-10.4732
20.58	-10.8614
20.6	-10.9131
20.62	-10.1847
20.64	-8.94895
20.66	-7.65408
20.68	-6.15554
20.7	-4.74149
20.72	-3.52565
20.74	-2.31686
20.76	-1.18123
20.78	-0.26744
20.8	0.71024
20.82	1.84232
20.84	3.04217
20.86	4.48604
20.88	6.0186
20.9	7.51996
20.92	9.13688
20.94	10.5469
20.96	11.5336
20.98	12.3726
21	12.086
21.02	11.2603
21.04	9.85051
21.06	7.21621
21.08	4.31697
21.1	0.6618
21.12	-3.25459
21.14	-6.79298
21.16	-10.4394
21.18	-13.4233
21.2	-15.2791
21.22	-16.6804
21.24	-16.2072
21.26	-14.9258
21.28	-12.8383
21.3	-9.41066
21.32	-6.0348
21.34	-2.37433
21.36	1.35433
21.38	4.01365
21.4	6.23384
21.42	7.52408
21.44	7.27505
21.46	6.69339
21.48	4.84837
21.5	2.50626
21.52	-0.19975
21.54	-3.34654
21.56	-6.46989
21.58	-9.59646
21.6	-12.6718
21.62	-15.5063
21.64	-18.2862
21.66	-20.8333
21.68	-23.0811
21.7	-25.1261
21.72	-26.788
21.74	-28.3415
21.76	-29.3099
21.78	-29.8996
21.8	-30.2306
21.82	-30.1153
21.84	-29.9293
21.86	-29.504
21.88	-28.9966
21.9	-28.143
21.92	-27.1439
21.94	-25.9918
21.96	-24.4697
21.98	-22.7099
22	-20.0925
22.02	-17.1916
22.04	-13.7733
22.06	-9.84272
22.08	-5.80045
22.1	-1.28725
22.12	3.24312
22.14	7.18248
22.16	10.9666
22.18	13.8692
22.2	15.8006
22.22	17.2048
22.24	17.0133
22.26	16.3077
22.28	14.1653
22.3	11.1826
22.32	8.11792
22.34	4.52888
22.36	1.104
22.38	-1.83052
22.4	-4.67454
22.42	-6.34847
22.44	-7.33636
22.46	-7.85741
22.48	-7.28329
22.5	-6.46908
22.52	-4.97824
22.54	-3.17394
22.56	-1.60748
22.58	-0.10505
22.6	1.23466
22.62	2.25804
22.64	3.18244
22.66	3.66223
22.68	3.89916
22.7	4.04323
22.72	4.00216
22.74	4.18329
22.76	4.87535
22.78	5.7016
22.8	6.99928
22.82	8.50515
22.84	9.85961
22.86	11.4752
22.88	12.8253
22.9	13.4524
22.92	13.894
22.94	12.6884
22.96	10.542
22.98	7.70559
23	3.40385
23.02	-1.07462
23.04	-6.18488
23.06	-11.6647
23.08	-16.2362
